longitude,latitude,Hcho_value(mol/m^2)
72.6506958007813,15.60459995269781,0.00014886386634316295
72.6506958007813,15.79933929443365,0.0001809684035833925
72.6506958007813,15.99407863616949,0.00024348762235604227
72.6506958007813,16.18881797790533,
72.6506958007813,16.38355731964117,
72.6506958007813,16.57829666137701,0.00015049219655338675
72.6506958007813,16.77303600311285,-0.0002132206573151052
72.6506958007813,16.96777534484869,-5.820198202854954e-05
72.6506958007813,17.16251468658453,0.00026996288215741515
72.6506958007813,17.357254028320366,3.8684655010001734e-05
72.6506958007813,17.551993370056206,0.00016932138532865793
72.6506958007813,17.746732711792045,1.88930550848454e-06
72.6506958007813,17.941472053527885,0.000268515053903684
72.6506958007813,18.136211395263725,0.00018551512039266527
72.6506958007813,18.330950736999565,
72.6506958007813,18.525690078735405,0.00013994163600727916
72.6506958007813,18.720429420471245,-3.1396331905853e-05
72.6506958007813,18.915168762207085,0.0001438996841898188
72.6506958007813,19.109908103942924,0.00026680633891373873
72.6506958007813,19.304647445678764,
72.6506958007813,19.499386787414604,0.0002950449998024851
72.6506958007813,19.694126129150444,2.730463893385604e-05
72.6506958007813,19.88886547088628,0.00021974998526275158
72.6506958007813,20.08360481262212,-6.745216978742974e-06
72.6506958007813,20.27834415435796,0.00021750596351921558
72.6506958007813,20.4730834960938,
72.6506958007813,20.66782283782964,0.00010207141167484224
72.6506958007813,20.86256217956548,-0.0001474181772209704
72.6506958007813,21.05730152130132,7.382475359918317e-06
72.6506958007813,21.25204086303716,5.7673278206493706e-05
72.6506958007813,21.446780204773,9.515533747617155e-05
72.6506958007813,21.64151954650884,9.901091107167304e-05
72.6506958007813,21.83625888824468,
72.6506958007813,22.03099822998052,0.0001281894074054435
72.8406958007813,15.60459995269781,-6.133852002676576e-05
72.8406958007813,15.79933929443365,9.577443415764719e-05
72.8406958007813,15.99407863616949,0.00021607255621347576
72.8406958007813,16.18881797790533,6.817658140789717e-05
72.8406958007813,16.38355731964117,4.847104355576448e-05
72.8406958007813,16.57829666137701,6.87732026563026e-05
72.8406958007813,16.77303600311285,4.579002779792063e-05
72.8406958007813,16.96777534484869,5.5473621614510193e-05
72.8406958007813,17.16251468658453,0.00014423037646338344
72.8406958007813,17.357254028320366,0.0003169858537148684
72.8406958007813,17.551993370056206,0.00018210976850241423
72.8406958007813,17.746732711792045,-0.0001312365784542635
72.8406958007813,17.941472053527885,
72.8406958007813,18.136211395263725,0.00037029763916507363
72.8406958007813,18.330950736999565,
72.8406958007813,18.525690078735405,6.227519043022767e-05
72.8406958007813,18.720429420471245,-0.00021419289987534285
72.8406958007813,18.915168762207085,0.0002041764819296077
72.8406958007813,19.109908103942924,1.245494877366582e-05
72.8406958007813,19.304647445678764,0.0002485256700310856
72.8406958007813,19.499386787414604,8.820664515951648e-05
72.8406958007813,19.694126129150444,8.499497198499739e-05
72.8406958007813,19.88886547088628,
72.8406958007813,20.08360481262212,-0.00010477285832166672
72.8406958007813,20.27834415435796,
72.8406958007813,20.4730834960938,-4.749564686790109e-05
72.8406958007813,20.66782283782964,1.753943070070818e-05
72.8406958007813,20.86256217956548,0.00016738912381697446
72.8406958007813,21.05730152130132,0.00033031596103683114
72.8406958007813,21.25204086303716,0.0002246098010800779
72.8406958007813,21.446780204773,-2.939741716545541e-05
72.8406958007813,21.64151954650884,8.996845281217247e-05
72.8406958007813,21.83625888824468,0.00012130403047194704
72.8406958007813,22.03099822998052,0.0001920146751217544
73.0306958007813,15.60459995269781,4.0840091969585046e-05
73.0306958007813,15.79933929443365,0.00014659394219052047
73.0306958007813,15.99407863616949,0.00020256331481505185
73.0306958007813,16.18881797790533,0.00028518083854578435
73.0306958007813,16.38355731964117,3.0402279662666842e-06
73.0306958007813,16.57829666137701,-4.753558823722415e-05
73.0306958007813,16.77303600311285,2.2761501895729452e-05
73.0306958007813,16.96777534484869,
73.0306958007813,17.16251468658453,-0.0001787377113942057
73.0306958007813,17.357254028320366,3.7097637687111273e-05
73.0306958007813,17.551993370056206,-9.28292047319701e-06
73.0306958007813,17.746732711792045,0.00017345938249491155
73.0306958007813,17.941472053527885,-7.329729123739526e-05
73.0306958007813,18.136211395263725,-6.063564433134161e-05
73.0306958007813,18.330950736999565,4.680923302657902e-05
73.0306958007813,18.525690078735405,-8.370501745957881e-05
73.0306958007813,18.720429420471245,-0.0002409573644399643
73.0306958007813,18.915168762207085,0.00011055887443944812
73.0306958007813,19.109908103942924,1.4457950783253182e-05
73.0306958007813,19.304647445678764,-0.00016909891564864665
73.0306958007813,19.499386787414604,-0.00017959850083570927
73.0306958007813,19.694126129150444,4.850362165598199e-05
73.0306958007813,19.88886547088628,2.1003015717724338e-05
73.0306958007813,20.08360481262212,-2.1713334717787802e-05
73.0306958007813,20.27834415435796,-8.839006477501243e-05
73.0306958007813,20.4730834960938,0.00021328410366550088
73.0306958007813,20.66782283782964,0.00014867573918309063
73.0306958007813,20.86256217956548,0.00019060249906033278
73.0306958007813,21.05730152130132,-1.431404598406516e-05
73.0306958007813,21.25204086303716,0.00042781754746101797
73.0306958007813,21.446780204773,7.602864934597164e-05
73.0306958007813,21.64151954650884,-2.1359461243264377e-05
73.0306958007813,21.83625888824468,4.2547599150566384e-05
73.0306958007813,22.03099822998052,7.373646803898737e-05
73.2206958007813,15.60459995269781,0.00018669951532501727
73.2206958007813,15.79933929443365,-2.580605178081896e-05
73.2206958007813,15.99407863616949,-0.00014026652206666768
73.2206958007813,16.18881797790533,0.00020388631673995405
73.2206958007813,16.38355731964117,
73.2206958007813,16.57829666137701,-8.624849215266295e-06
73.2206958007813,16.77303600311285,0.0002488985483068973
73.2206958007813,16.96777534484869,0.0001227258617291227
73.2206958007813,17.16251468658453,0.00029383006040006876
73.2206958007813,17.357254028320366,0.00013681710697710514
73.2206958007813,17.551993370056206,-2.478644273651298e-05
73.2206958007813,17.746732711792045,
73.2206958007813,17.941472053527885,0.0001861442724475637
73.2206958007813,18.136211395263725,-9.46687359828502e-05
73.2206958007813,18.330950736999565,8.388059359276667e-05
73.2206958007813,18.525690078735405,5.391081140260212e-05
73.2206958007813,18.720429420471245,0.00015512290701735765
73.2206958007813,18.915168762207085,0.0004359161539468914
73.2206958007813,19.109908103942924,
73.2206958007813,19.304647445678764,0.00022893371351528913
73.2206958007813,19.499386787414604,0.0001841836201492697
73.2206958007813,19.694126129150444,0.00022153291502036154
73.2206958007813,19.88886547088628,0.00010358914005337283
73.2206958007813,20.08360481262212,
73.2206958007813,20.27834415435796,-2.6445783078088425e-05
73.2206958007813,20.4730834960938,3.2514646591152996e-05
73.2206958007813,20.66782283782964,-0.000217733220779337
73.2206958007813,20.86256217956548,9.199290070682764e-05
73.2206958007813,21.05730152130132,
73.2206958007813,21.25204086303716,-2.031581425399054e-05
73.2206958007813,21.446780204773,
73.2206958007813,21.64151954650884,0.00024991584359668195
73.2206958007813,21.83625888824468,
73.2206958007813,22.03099822998052,
73.4106958007813,15.60459995269781,-1.2058169886586256e-05
73.4106958007813,15.79933929443365,5.098529072711244e-05
73.4106958007813,15.99407863616949,-9.266666165785864e-05
73.4106958007813,16.18881797790533,7.879218173911795e-05
73.4106958007813,16.38355731964117,-0.00012235628673806787
73.4106958007813,16.57829666137701,-5.8908779465127736e-05
73.4106958007813,16.77303600311285,9.005298488773406e-05
73.4106958007813,16.96777534484869,-5.317552131600678e-05
73.4106958007813,17.16251468658453,-0.0002510336635168642
73.4106958007813,17.357254028320366,0.00027114892145618796
73.4106958007813,17.551993370056206,-0.00012096824502805248
73.4106958007813,17.746732711792045,0.0001023891381919384
73.4106958007813,17.941472053527885,
73.4106958007813,18.136211395263725,0.0002894939680118114
73.4106958007813,18.330950736999565,8.923906716518104e-05
73.4106958007813,18.525690078735405,0.00015780907415319234
73.4106958007813,18.720429420471245,0.0002749183331616223
73.4106958007813,18.915168762207085,0.00024095117987599224
73.4106958007813,19.109908103942924,6.149527325760573e-05
73.4106958007813,19.304647445678764,0.0001079546709661372
73.4106958007813,19.499386787414604,0.00019281562708783895
73.4106958007813,19.694126129150444,-0.00022339480347000062
73.4106958007813,19.88886547088628,-4.165827249380527e-06
73.4106958007813,20.08360481262212,0.00015634784358553588
73.4106958007813,20.27834415435796,0.00021814607316628098
73.4106958007813,20.4730834960938,
73.4106958007813,20.66782283782964,7.74400687078014e-05
73.4106958007813,20.86256217956548,-0.00010560388909652829
73.4106958007813,21.05730152130132,0.0002651950344443321
73.4106958007813,21.25204086303716,-6.555455183843151e-05
73.4106958007813,21.446780204773,
73.4106958007813,21.64151954650884,-7.92440478107892e-05
73.4106958007813,21.83625888824468,0.00021150567044969648
73.4106958007813,22.03099822998052,-5.8755635109264404e-05
73.6006958007813,15.60459995269781,4.494333916227333e-05
73.6006958007813,15.79933929443365,0.0001772112591424957
73.6006958007813,15.99407863616949,
73.6006958007813,16.18881797790533,0.00010809463856276125
73.6006958007813,16.38355731964117,-3.915131674148142e-05
73.6006958007813,16.57829666137701,0.00014484576240647584
73.6006958007813,16.77303600311285,6.555796517204726e-06
73.6006958007813,16.96777534484869,-9.879001299850643e-05
73.6006958007813,17.16251468658453,
73.6006958007813,17.357254028320366,0.0003965547075495124
73.6006958007813,17.551993370056206,-4.1902319935616106e-05
73.6006958007813,17.746732711792045,0.00020989893528167158
73.6006958007813,17.941472053527885,0.0001495073811383918
73.6006958007813,18.136211395263725,0.00041858581244014204
73.6006958007813,18.330950736999565,0.00017527722229715437
73.6006958007813,18.525690078735405,9.610271081328392e-05
73.6006958007813,18.720429420471245,0.0001232279755640775
73.6006958007813,18.915168762207085,8.466905273962766e-05
73.6006958007813,19.109908103942924,
73.6006958007813,19.304647445678764,8.777156472206116e-05
73.6006958007813,19.499386787414604,-3.836685573332943e-05
73.6006958007813,19.694126129150444,0.00010745899635367095
73.6006958007813,19.88886547088628,0.00016037271416280419
73.6006958007813,20.08360481262212,7.343808829318732e-05
73.6006958007813,20.27834415435796,-7.0038977355579846e-06
73.6006958007813,20.4730834960938,0.00020406833209563047
73.6006958007813,20.66782283782964,4.504885055212071e-06
73.6006958007813,20.86256217956548,-4.5694363507209346e-05
73.6006958007813,21.05730152130132,7.606470899190754e-05
73.6006958007813,21.25204086303716,0.0001290207583224401
73.6006958007813,21.446780204773,1.9385295672691427e-05
73.6006958007813,21.64151954650884,7.90384947322309e-05
73.6006958007813,21.83625888824468,0.0001883638178696856
73.6006958007813,22.03099822998052,-7.153121259761974e-05
73.7906958007813,15.60459995269781,2.894116369134281e-05
73.7906958007813,15.79933929443365,0.00022443819034378976
73.7906958007813,15.99407863616949,9.46937216212973e-05
73.7906958007813,16.18881797790533,0.00020354687876533717
73.7906958007813,16.38355731964117,6.86446946929209e-05
73.7906958007813,16.57829666137701,5.894138303119689e-05
73.7906958007813,16.77303600311285,-6.314584879874019e-06
73.7906958007813,16.96777534484869,7.999818080861587e-06
73.7906958007813,17.16251468658453,7.705485768383369e-05
73.7906958007813,17.357254028320366,0.00013858081365469843
73.7906958007813,17.551993370056206,-2.8438016670406796e-05
73.7906958007813,17.746732711792045,0.00013057826436124742
73.7906958007813,17.941472053527885,0.00011497060040710494
73.7906958007813,18.136211395263725,0.00029232390807010233
73.7906958007813,18.330950736999565,0.00010662747081369162
73.7906958007813,18.525690078735405,-2.938536817964632e-05
73.7906958007813,18.720429420471245,0.0002735002781264484
73.7906958007813,18.915168762207085,0.00016022298950701952
73.7906958007813,19.109908103942924,0.00015563375200144947
73.7906958007813,19.304647445678764,0.0001659316330915317
73.7906958007813,19.499386787414604,0.00017910348833538592
73.7906958007813,19.694126129150444,0.00016200874233618379
73.7906958007813,19.88886547088628,0.00016393722034990788
73.7906958007813,20.08360481262212,-0.00010387577640358359
73.7906958007813,20.27834415435796,-6.7924929680884816e-06
73.7906958007813,20.4730834960938,-5.056749432696961e-05
73.7906958007813,20.66782283782964,-3.123938222415745e-05
73.7906958007813,20.86256217956548,4.747109778691083e-05
73.7906958007813,21.05730152130132,0.00014933064812794328
73.7906958007813,21.25204086303716,-0.0001191820265376009
73.7906958007813,21.446780204773,9.799546387512237e-05
73.7906958007813,21.64151954650884,-8.909132156986743e-05
73.7906958007813,21.83625888824468,6.505184137495235e-05
73.7906958007813,22.03099822998052,
73.98069580078129,15.60459995269781,-8.242066542152315e-05
73.98069580078129,15.79933929443365,0.00013565867266152054
73.98069580078129,15.99407863616949,8.460696699330583e-05
73.98069580078129,16.18881797790533,0.00015601341146975756
73.98069580078129,16.38355731964117,-0.00014164583990350366
73.98069580078129,16.57829666137701,-6.449662032537162e-05
73.98069580078129,16.77303600311285,4.7357512812595814e-05
73.98069580078129,16.96777534484869,3.657760316855274e-05
73.98069580078129,17.16251468658453,0.00016072861035354435
73.98069580078129,17.357254028320366,-2.2200589228305034e-05
73.98069580078129,17.551993370056206,-9.226735710399225e-05
73.98069580078129,17.746732711792045,7.1873510023579e-05
73.98069580078129,17.941472053527885,3.3484448067611083e-05
73.98069580078129,18.136211395263725,
73.98069580078129,18.330950736999565,1.245494877366582e-05
73.98069580078129,18.525690078735405,
73.98069580078129,18.720429420471245,0.00027814420172944665
73.98069580078129,18.915168762207085,-0.0001269617205252871
73.98069580078129,19.109908103942924,2.4496457626810297e-05
73.98069580078129,19.304647445678764,6.927742651896551e-05
73.98069580078129,19.499386787414604,6.053120159776881e-05
73.98069580078129,19.694126129150444,0.00010241106065222993
73.98069580078129,19.88886547088628,0.00013426215446088463
73.98069580078129,20.08360481262212,-0.00012927800707984716
73.98069580078129,20.27834415435796,1.7668548025540076e-05
73.98069580078129,20.4730834960938,0.0001038869158946909
73.98069580078129,20.66782283782964,
73.98069580078129,20.86256217956548,3.695939449244179e-05
73.98069580078129,21.05730152130132,0.0001597111113369465
73.98069580078129,21.25204086303716,5.901767872273922e-05
73.98069580078129,21.446780204773,0.00019692668865900487
73.98069580078129,21.64151954650884,-0.00010212543566012755
73.98069580078129,21.83625888824468,8.616164996055886e-05
73.98069580078129,22.03099822998052,0.00013274223601911217
74.17069580078129,15.60459995269781,0.00023181327560450882
74.17069580078129,15.79933929443365,-0.0002706598024815321
74.17069580078129,15.99407863616949,-0.0001855426380643621
74.17069580078129,16.18881797790533,8.090340998023748e-05
74.17069580078129,16.38355731964117,0.00034906412474811077
74.17069580078129,16.57829666137701,0.0002605892950668931
74.17069580078129,16.77303600311285,6.673436291748658e-05
74.17069580078129,16.96777534484869,1.6304014934576117e-05
74.17069580078129,17.16251468658453,-6.561329792020842e-05
74.17069580078129,17.357254028320366,-5.7891749747795984e-05
74.17069580078129,17.551993370056206,5.772440636064857e-05
74.17069580078129,17.746732711792045,5.476355454447912e-06
74.17069580078129,17.941472053527885,0.00020705623319372535
74.17069580078129,18.136211395263725,0.00021027874026913196
74.17069580078129,18.330950736999565,1.5480514775845222e-05
74.17069580078129,18.525690078735405,0.0001681963331066072
74.17069580078129,18.720429420471245,-7.516460300394101e-06
74.17069580078129,18.915168762207085,-5.159962165635079e-05
74.17069580078129,19.109908103942924,2.4098693756968714e-05
74.17069580078129,19.304647445678764,-0.00016438605962321162
74.17069580078129,19.499386787414604,0.00015254213940352201
74.17069580078129,19.694126129150444,0.00010878777538891882
74.17069580078129,19.88886547088628,-1.392340891470667e-05
74.17069580078129,20.08360481262212,0.0001812996342778206
74.17069580078129,20.27834415435796,0.00013287599722389132
74.17069580078129,20.4730834960938,1.6799025615910068e-05
74.17069580078129,20.66782283782964,
74.17069580078129,20.86256217956548,0.00014054721395950764
74.17069580078129,21.05730152130132,0.00011049962631659582
74.17069580078129,21.25204086303716,0.00034654041519388556
74.17069580078129,21.446780204773,7.271402137121186e-05
74.17069580078129,21.64151954650884,-8.300701301777735e-05
74.17069580078129,21.83625888824468,7.59877912059892e-06
74.17069580078129,22.03099822998052,-3.59874393325299e-05
74.36069580078129,15.60459995269781,-0.00011479255044832826
74.36069580078129,15.79933929443365,3.805267624557018e-05
74.36069580078129,15.99407863616949,4.2552615923341364e-05
74.36069580078129,16.18881797790533,-4.586209252011031e-05
74.36069580078129,16.38355731964117,2.4276687327073887e-05
74.36069580078129,16.57829666137701,8.864430128596723e-06
74.36069580078129,16.77303600311285,0.00014724137145094573
74.36069580078129,16.96777534484869,0.0002803107490763068
74.36069580078129,17.16251468658453,0.00020349424448795617
74.36069580078129,17.357254028320366,0.0002497051900718361
74.36069580078129,17.551993370056206,1.9565728507586755e-05
74.36069580078129,17.746732711792045,0.00020643520110752434
74.36069580078129,17.941472053527885,-4.3571599235292524e-05
74.36069580078129,18.136211395263725,-0.00013907703396398574
74.36069580078129,18.330950736999565,0.0002192543470300734
74.36069580078129,18.525690078735405,-8.313787111546844e-05
74.36069580078129,18.720429420471245,0.00016143222455866635
74.36069580078129,18.915168762207085,0.0002601121668703854
74.36069580078129,19.109908103942924,
74.36069580078129,19.304647445678764,4.6931931137805805e-05
74.36069580078129,19.499386787414604,
74.36069580078129,19.694126129150444,7.209745672298595e-05
74.36069580078129,19.88886547088628,7.517258927691728e-05
74.36069580078129,20.08360481262212,0.0003777345409616828
74.36069580078129,20.27834415435796,0.00024254350864794105
74.36069580078129,20.4730834960938,
74.36069580078129,20.66782283782964,8.294984581880271e-05
74.36069580078129,20.86256217956548,-3.2115174235514132e-06
74.36069580078129,21.05730152130132,-0.00012982255429960787
74.36069580078129,21.25204086303716,0.00016370446246583015
74.36069580078129,21.446780204773,4.6800585550954565e-05
74.36069580078129,21.64151954650884,7.033288420643657e-05
74.36069580078129,21.83625888824468,0.0001514430477982387
74.36069580078129,22.03099822998052,0.00015014245582278818
74.55069580078128,15.60459995269781,-9.551647963235155e-05
74.55069580078128,15.79933929443365,-6.624648085562512e-05
74.55069580078128,15.99407863616949,0.0002030141477007419
74.55069580078128,16.18881797790533,5.49808974028565e-05
74.55069580078128,16.38355731964117,4.3659161747200415e-05
74.55069580078128,16.57829666137701,-3.625815952545963e-05
74.55069580078128,16.77303600311285,4.831062688026577e-05
74.55069580078128,16.96777534484869,3.519729943946004e-05
74.55069580078128,17.16251468658453,-0.00010607301373966038
74.55069580078128,17.357254028320366,4.661750062950887e-05
74.55069580078128,17.551993370056206,6.563679926330224e-05
74.55069580078128,17.746732711792045,8.935006189858541e-05
74.55069580078128,17.941472053527885,-0.00016468735702801496
74.55069580078128,18.136211395263725,0.00013885890075471252
74.55069580078128,18.330950736999565,-9.047671483131126e-05
74.55069580078128,18.525690078735405,-1.808514389267657e-05
74.55069580078128,18.720429420471245,-6.129120447440073e-05
74.55069580078128,18.915168762207085,0.0002826160052791238
74.55069580078128,19.109908103942924,-2.57273277384229e-05
74.55069580078128,19.304647445678764,8.584609167883173e-05
74.55069580078128,19.499386787414604,-0.0001850445696618408
74.55069580078128,19.694126129150444,3.197051410097629e-05
74.55069580078128,19.88886547088628,5.164296817383729e-05
74.55069580078128,20.08360481262212,0.00022159780201036483
74.55069580078128,20.27834415435796,8.981294377008453e-05
74.55069580078128,20.4730834960938,0.00017328884860035032
74.55069580078128,20.66782283782964,6.217724876478314e-05
74.55069580078128,20.86256217956548,-3.7650508602382615e-05
74.55069580078128,21.05730152130132,-0.00010086825932376087
74.55069580078128,21.25204086303716,-4.200405965093523e-05
74.55069580078128,21.446780204773,-0.0002235913707409054
74.55069580078128,21.64151954650884,1.108352171286242e-05
74.55069580078128,21.83625888824468,-1.3052611393504776e-05
74.55069580078128,22.03099822998052,-9.715650958241895e-05
74.74069580078128,15.60459995269781,-0.0001201022241730243
74.74069580078128,15.79933929443365,3.822091093752533e-05
74.74069580078128,15.99407863616949,0.00013144394324626774
74.74069580078128,16.18881797790533,-3.790298433159478e-05
74.74069580078128,16.38355731964117,
74.74069580078128,16.57829666137701,-0.0002285613736603409
74.74069580078128,16.77303600311285,-0.00010961620864691213
74.74069580078128,16.96777534484869,6.761273834854364e-05
74.74069580078128,17.16251468658453,-0.00015878744306974113
74.74069580078128,17.357254028320366,-4.444513251655735e-06
74.74069580078128,17.551993370056206,0.00014661323803011328
74.74069580078128,17.746732711792045,-2.4237902835011482e-05
74.74069580078128,17.941472053527885,-0.0002200937015004456
74.74069580078128,18.136211395263725,8.956663805292919e-05
74.74069580078128,18.330950736999565,9.389727347297594e-05
74.74069580078128,18.525690078735405,
74.74069580078128,18.720429420471245,0.00021158435265533626
74.74069580078128,18.915168762207085,-9.653365850681439e-05
74.74069580078128,19.109908103942924,0.00012429435446392745
74.74069580078128,19.304647445678764,0.00011842258390970528
74.74069580078128,19.499386787414604,0.00010117997589986771
74.74069580078128,19.694126129150444,0.00026569218607619405
74.74069580078128,19.88886547088628,9.61705663939938e-05
74.74069580078128,20.08360481262212,8.154036186169833e-05
74.74069580078128,20.27834415435796,0.0002153631648980081
74.74069580078128,20.4730834960938,
74.74069580078128,20.66782283782964,0.00019657739903777838
74.74069580078128,20.86256217956548,0.00010710899368859828
74.74069580078128,21.05730152130132,0.00026606241590343416
74.74069580078128,21.25204086303716,-5.832854731124826e-05
74.74069580078128,21.446780204773,0.00016468817193526775
74.74069580078128,21.64151954650884,3.022125929419417e-05
74.74069580078128,21.83625888824468,2.4415505322394893e-05
74.74069580078128,22.03099822998052,-5.375943874241784e-05
74.93069580078128,15.60459995269781,-0.00011643487960100174
74.93069580078128,15.79933929443365,0.0002247414959128946
74.93069580078128,15.99407863616949,-0.00044226637692190707
74.93069580078128,16.18881797790533,
74.93069580078128,16.38355731964117,0.00028059809119440615
74.93069580078128,16.57829666137701,6.594258593395352e-05
74.93069580078128,16.77303600311285,2.4584917355241487e-06
74.93069580078128,16.96777534484869,-3.956816726713441e-05
74.93069580078128,17.16251468658453,0.00011708893725881353
74.93069580078128,17.357254028320366,6.691097223665565e-05
74.93069580078128,17.551993370056206,0.00021809636382386088
74.93069580078128,17.746732711792045,7.307143096113577e-05
74.93069580078128,17.941472053527885,-8.38774794829078e-05
74.93069580078128,18.136211395263725,5.295399023452774e-05
74.93069580078128,18.330950736999565,0.00011751625424949452
74.93069580078128,18.525690078735405,0.0002191140956711024
74.93069580078128,18.720429420471245,0.00013801318709738553
74.93069580078128,18.915168762207085,0.00020617710833903402
74.93069580078128,19.109908103942924,0.00016828681691549718
74.93069580078128,19.304647445678764,
74.93069580078128,19.499386787414604,-8.541357237845659e-05
74.93069580078128,19.694126129150444,5.231515388004482e-05
74.93069580078128,19.88886547088628,-6.124256469774991e-05
74.93069580078128,20.08360481262212,0.00014795010793022811
74.93069580078128,20.27834415435796,
74.93069580078128,20.4730834960938,0.00023872875317465514
74.93069580078128,20.66782283782964,0.00014291437400970608
74.93069580078128,20.86256217956548,
74.93069580078128,21.05730152130132,0.00016330371727235615
74.93069580078128,21.25204086303716,4.124849510844797e-05
74.93069580078128,21.446780204773,
74.93069580078128,21.64151954650884,-0.00016143960237968713
74.93069580078128,21.83625888824468,5.8055917179444805e-05
74.93069580078128,22.03099822998052,6.653822492808104e-05
75.12069580078128,15.60459995269781,
75.12069580078128,15.79933929443365,0.00033099413849413395
75.12069580078128,15.99407863616949,-6.848466000519693e-05
75.12069580078128,16.18881797790533,-9.054386464413255e-05
75.12069580078128,16.38355731964117,2.6107536541530862e-05
75.12069580078128,16.57829666137701,5.740167762269266e-05
75.12069580078128,16.77303600311285,0.00018524454208090901
75.12069580078128,16.96777534484869,0.0002904059365391731
75.12069580078128,17.16251468658453,-9.680894436314702e-05
75.12069580078128,17.357254028320366,-2.8007905712001957e-05
75.12069580078128,17.551993370056206,0.00010356493294239044
75.12069580078128,17.746732711792045,
75.12069580078128,17.941472053527885,-4.4526372221298516e-05
75.12069580078128,18.136211395263725,-9.051201777765527e-05
75.12069580078128,18.330950736999565,-0.00019003260240424424
75.12069580078128,18.525690078735405,0.00022314807574730366
75.12069580078128,18.720429420471245,3.679372457554564e-05
75.12069580078128,18.915168762207085,8.627884380985051e-05
75.12069580078128,19.109908103942924,-0.0002838595537468791
75.12069580078128,19.304647445678764,3.3198077289853245e-05
75.12069580078128,19.499386787414604,0.00017459872469771653
75.12069580078128,19.694126129150444,
75.12069580078128,19.88886547088628,
75.12069580078128,20.08360481262212,-7.125481351977214e-05
75.12069580078128,20.27834415435796,-0.0002472918131388724
75.12069580078128,20.4730834960938,0.0002318094775546342
75.12069580078128,20.66782283782964,2.1835190636920743e-05
75.12069580078128,20.86256217956548,
75.12069580078128,21.05730152130132,0.0001130257805925794
75.12069580078128,21.25204086303716,-0.0001309235958615318
75.12069580078128,21.446780204773,0.00030247491667978466
75.12069580078128,21.64151954650884,0.00031312371720559895
75.12069580078128,21.83625888824468,0.00018727949645835906
75.12069580078128,22.03099822998052,0.00011131063365610316
75.31069580078128,15.60459995269781,0.0002227503719041124
75.31069580078128,15.79933929443365,0.00021682580700144172
75.31069580078128,15.99407863616949,0.00020196687546558678
75.31069580078128,16.18881797790533,-4.0904389607021585e-05
75.31069580078128,16.38355731964117,0.00014617585111409426
75.31069580078128,16.57829666137701,8.266782242571935e-05
75.31069580078128,16.77303600311285,0.00016651784244459122
75.31069580078128,16.96777534484869,-9.693916945252568e-05
75.31069580078128,17.16251468658453,0.00020832168229389936
75.31069580078128,17.357254028320366,8.706036169314757e-05
75.31069580078128,17.551993370056206,-3.394574378035031e-05
75.31069580078128,17.746732711792045,0.00013212932390160859
75.31069580078128,17.941472053527885,-1.9344619431649335e-05
75.31069580078128,18.136211395263725,-8.459334640065208e-05
75.31069580078128,18.330950736999565,0.0001314565888606012
75.31069580078128,18.525690078735405,-1.8794633433572017e-05
75.31069580078128,18.720429420471245,
75.31069580078128,18.915168762207085,0.00012474681716412306
75.31069580078128,19.109908103942924,0.00012156682350905612
75.31069580078128,19.304647445678764,0.00016233221685979515
75.31069580078128,19.499386787414604,5.0355421990389004e-05
75.31069580078128,19.694126129150444,-9.055282862391323e-05
75.31069580078128,19.88886547088628,1.7431619198760018e-05
75.31069580078128,20.08360481262212,0.00011481437832117081
75.31069580078128,20.27834415435796,-8.702450577402487e-05
75.31069580078128,20.4730834960938,-0.00010378233127994463
75.31069580078128,20.66782283782964,-0.00017766788369044662
75.31069580078128,20.86256217956548,8.495086512994021e-05
75.31069580078128,21.05730152130132,0.00014087409363128245
75.31069580078128,21.25204086303716,-7.777375139994547e-05
75.31069580078128,21.446780204773,0.0002615133416838944
75.31069580078128,21.64151954650884,-5.4205444030230865e-05
75.31069580078128,21.83625888824468,
75.31069580078128,22.03099822998052,6.35639444226399e-05
75.50069580078127,15.60459995269781,-9.148022945737466e-05
75.50069580078127,15.79933929443365,0.00013536540791392326
75.50069580078127,15.99407863616949,0.00011776528117479756
75.50069580078127,16.18881797790533,0.00020626703917514533
75.50069580078127,16.38355731964117,-4.512714076554403e-05
75.50069580078127,16.57829666137701,8.889802302292082e-06
75.50069580078127,16.77303600311285,0.00010523757373448461
75.50069580078127,16.96777534484869,9.353996574645862e-05
75.50069580078127,17.16251468658453,0.00026680633891373873
75.50069580078127,17.357254028320366,2.2026342776371166e-05
75.50069580078127,17.551993370056206,
75.50069580078127,17.746732711792045,1.3234467587608378e-05
75.50069580078127,17.941472053527885,0.00031807407503947616
75.50069580078127,18.136211395263725,2.3722024707240053e-05
75.50069580078127,18.330950736999565,6.927742651896551e-05
75.50069580078127,18.525690078735405,0.0002642995095811784
75.50069580078127,18.720429420471245,
75.50069580078127,18.915168762207085,0.0002213458501501009
75.50069580078127,19.109908103942924,3.64262996299658e-05
75.50069580078127,19.304647445678764,
75.50069580078127,19.499386787414604,-3.3163973967020866e-06
75.50069580078127,19.694126129150444,0.00010252739593852311
75.50069580078127,19.88886547088628,0.00016122721717692912
75.50069580078127,20.08360481262212,0.00012123077613068745
75.50069580078127,20.27834415435796,0.00014138691767584532
75.50069580078127,20.4730834960938,-3.6380578194439295e-07
75.50069580078127,20.66782283782964,2.723922261793632e-05
75.50069580078127,20.86256217956548,
75.50069580078127,21.05730152130132,0.0002606213674880564
75.50069580078127,21.25204086303716,1.8315231500309892e-05
75.50069580078127,21.446780204773,3.699185253935866e-05
75.50069580078127,21.64151954650884,0.00017604064487386495
75.50069580078127,21.83625888824468,9.469427459407598e-05
75.50069580078127,22.03099822998052,0.00011111538333352655
75.69069580078127,15.60459995269781,3.3644300856394693e-06
75.69069580078127,15.79933929443365,4.1735063859960064e-05
75.69069580078127,15.99407863616949,0.00011388307757442817
75.69069580078127,16.18881797790533,1.2483329555834644e-05
75.69069580078127,16.38355731964117,0.00013898496399633586
75.69069580078127,16.57829666137701,3.307908264105208e-05
75.69069580078127,16.77303600311285,8.961295679910108e-05
75.69069580078127,16.96777534484869,-6.921528984094039e-05
75.69069580078127,17.16251468658453,
75.69069580078127,17.357254028320366,0.00020738306920975447
75.69069580078127,17.551993370056206,0.00027218254399485886
75.69069580078127,17.746732711792045,5.3403466154122725e-05
75.69069580078127,17.941472053527885,0.00016038560715969652
75.69069580078127,18.136211395263725,-3.980324891017517e-06
75.69069580078127,18.330950736999565,5.912633423577063e-05
75.69069580078127,18.525690078735405,5.167603012523614e-05
75.69069580078127,18.720429420471245,5.2757190132979304e-05
75.69069580078127,18.915168762207085,0.00021010306954849511
75.69069580078127,19.109908103942924,
75.69069580078127,19.304647445678764,1.9749262719415128e-05
75.69069580078127,19.499386787414604,0.00021445140009745955
75.69069580078127,19.694126129150444,0.0002359982463531196
75.69069580078127,19.88886547088628,8.801042713457718e-05
75.69069580078127,20.08360481262212,0.00012017347034998238
75.69069580078127,20.27834415435796,-0.00016209804743994027
75.69069580078127,20.4730834960938,-3.3333850296912715e-05
75.69069580078127,20.66782283782964,0.0001349173835478723
75.69069580078127,20.86256217956548,0.00016467555542476475
75.69069580078127,21.05730152130132,0.0002978964475914836
75.69069580078127,21.25204086303716,
75.69069580078127,21.446780204773,-6.383330764947459e-05
75.69069580078127,21.64151954650884,7.712065416853875e-05
75.69069580078127,21.83625888824468,0.0003226415428798646
75.69069580078127,22.03099822998052,0.0001538042997708544
75.88069580078127,15.60459995269781,-0.00027637247694656253
75.88069580078127,15.79933929443365,0.0002203521435149014
75.88069580078127,15.99407863616949,9.241770749213174e-05
75.88069580078127,16.18881797790533,-8.647612412460148e-05
75.88069580078127,16.38355731964117,9.264696564059705e-05
75.88069580078127,16.57829666137701,0.00010202785051660612
75.88069580078127,16.77303600311285,0.00010662747081369162
75.88069580078127,16.96777534484869,0.00014165850006975234
75.88069580078127,17.16251468658453,
75.88069580078127,17.357254028320366,2.685517210920807e-05
75.88069580078127,17.551993370056206,0.00021949691290501505
75.88069580078127,17.746732711792045,0.00017617018602322787
75.88069580078127,17.941472053527885,0.00015963631449267268
75.88069580078127,18.136211395263725,
75.88069580078127,18.330950736999565,0.00018515890405979007
75.88069580078127,18.525690078735405,-0.0002033103519352153
75.88069580078127,18.720429420471245,0.00014003913383930922
75.88069580078127,18.915168762207085,-0.00013151649909559637
75.88069580078127,19.109908103942924,5.190748197492212e-06
75.88069580078127,19.304647445678764,7.723726594122127e-05
75.88069580078127,19.499386787414604,
75.88069580078127,19.694126129150444,3.564089638530277e-05
75.88069580078127,19.88886547088628,0.00011115908273495734
75.88069580078127,20.08360481262212,-1.6349382349289954e-05
75.88069580078127,20.27834415435796,-0.00019360780424904078
75.88069580078127,20.4730834960938,
75.88069580078127,20.66782283782964,-5.664825948770158e-05
75.88069580078127,20.86256217956548,
75.88069580078127,21.05730152130132,
75.88069580078127,21.25204086303716,
75.88069580078127,21.446780204773,
75.88069580078127,21.64151954650884,4.6758432290516794e-05
75.88069580078127,21.83625888824468,0.00010932196164503694
75.88069580078127,22.03099822998052,6.029027281329036e-05
76.07069580078127,15.60459995269781,-0.0001290238433284685
76.07069580078127,15.79933929443365,
76.07069580078127,15.99407863616949,-6.240188668016344e-05
76.07069580078127,16.18881797790533,-3.842334626824595e-05
76.07069580078127,16.38355731964117,0.00013379855954553932
76.07069580078127,16.57829666137701,-2.439575837343e-05
76.07069580078127,16.77303600311285,3.044910408789292e-05
76.07069580078127,16.96777534484869,0.00016311414947267622
76.07069580078127,17.16251468658453,0.00017690510139800608
76.07069580078127,17.357254028320366,0.00019553756283130497
76.07069580078127,17.551993370056206,-3.0297811463242397e-05
76.07069580078127,17.746732711792045,0.0002423049445496872
76.07069580078127,17.941472053527885,5.0540191296022385e-05
76.07069580078127,18.136211395263725,0.00018197803001385182
76.07069580078127,18.330950736999565,9.569380927132443e-05
76.07069580078127,18.525690078735405,0.00021994543203618377
76.07069580078127,18.720429420471245,
76.07069580078127,18.915168762207085,0.00010522879892960191
76.07069580078127,19.109908103942924,0.00018664714298211038
76.07069580078127,19.304647445678764,
76.07069580078127,19.499386787414604,-0.00015089985390659422
76.07069580078127,19.694126129150444,-5.797941776108928e-05
76.07069580078127,19.88886547088628,0.00011728405661415309
76.07069580078127,20.08360481262212,5.792740557808429e-05
76.07069580078127,20.27834415435796,6.67573040118441e-05
76.07069580078127,20.4730834960938,
76.07069580078127,20.66782283782964,0.00013174662308301777
76.07069580078127,20.86256217956548,9.250386210624129e-05
76.07069580078127,21.05730152130132,
76.07069580078127,21.25204086303716,
76.07069580078127,21.446780204773,0.00011234633711865172
76.07069580078127,21.64151954650884,7.788101356709376e-05
76.07069580078127,21.83625888824468,-3.170590935042128e-05
76.07069580078127,22.03099822998052,0.00012810503540094942
76.26069580078126,15.60459995269781,6.0214856603124645e-06
76.26069580078126,15.79933929443365,-3.134433791274205e-05
76.26069580078126,15.99407863616949,-0.00011034199269488454
76.26069580078126,16.18881797790533,0.0001446623937226832
76.26069580078126,16.38355731964117,1.0818810551427305e-05
76.26069580078126,16.57829666137701,5.290425178827718e-05
76.26069580078126,16.77303600311285,0.0001262212172150612
76.26069580078126,16.96777534484869,
76.26069580078126,17.16251468658453,0.00019362106104381382
76.26069580078126,17.357254028320366,1.1339405318722129e-05
76.26069580078126,17.551993370056206,0.00014496941003017128
76.26069580078126,17.746732711792045,-0.00027303857496008277
76.26069580078126,17.941472053527885,-4.05935752496589e-05
76.26069580078126,18.136211395263725,3.392580401850864e-05
76.26069580078126,18.330950736999565,0.00010475498856976628
76.26069580078126,18.525690078735405,4.062895823153667e-05
76.26069580078126,18.720429420471245,7.048909901641309e-05
76.26069580078126,18.915168762207085,6.42858722130768e-05
76.26069580078126,19.109908103942924,-0.00018294641631655395
76.26069580078126,19.304647445678764,0.00022073286527302116
76.26069580078126,19.499386787414604,2.2790180764786783e-07
76.26069580078126,19.694126129150444,6.217724876478314e-05
76.26069580078126,19.88886547088628,8.748553227633238e-05
76.26069580078126,20.08360481262212,0.0003577701863832772
76.26069580078126,20.27834415435796,-1.576449903950561e-05
76.26069580078126,20.4730834960938,3.622836811700836e-05
76.26069580078126,20.66782283782964,-9.89173713605851e-05
76.26069580078126,20.86256217956548,1.3512217265088111e-05
76.26069580078126,21.05730152130132,0.00010083727829623967
76.26069580078126,21.25204086303716,-1.2715862794721033e-05
76.26069580078126,21.446780204773,0.0002274488942930475
76.26069580078126,21.64151954650884,
76.26069580078126,21.83625888824468,0.0003666642587631941
76.26069580078126,22.03099822998052,0.0003574872971512377
76.45069580078126,15.60459995269781,0.0001489178539486602
76.45069580078126,15.79933929443365,-1.195751246996224e-05
76.45069580078126,15.99407863616949,2.6961050025420263e-05
76.45069580078126,16.18881797790533,-3.487449066597037e-05
76.45069580078126,16.38355731964117,0.00014521987759508193
76.45069580078126,16.57829666137701,3.6471657949732617e-05
76.45069580078126,16.77303600311285,-6.976094300625846e-05
76.45069580078126,16.96777534484869,6.766613660147414e-05
76.45069580078126,17.16251468658453,0.00019550647994037718
76.45069580078126,17.357254028320366,9.868063898466062e-06
76.45069580078126,17.551993370056206,0.0002596858539618552
76.45069580078126,17.746732711792045,7.866820510571415e-07
76.45069580078126,17.941472053527885,
76.45069580078126,18.136211395263725,0.00018361663387622684
76.45069580078126,18.330950736999565,
76.45069580078126,18.525690078735405,-0.0002396124036749825
76.45069580078126,18.720429420471245,6.557282904395834e-05
76.45069580078126,18.915168762207085,-2.197954927396495e-05
76.45069580078126,19.109908103942924,-4.139119482715614e-05
76.45069580078126,19.304647445678764,3.494966949801892e-05
76.45069580078126,19.499386787414604,-8.451451867586002e-05
76.45069580078126,19.694126129150444,6.734440830769017e-06
76.45069580078126,19.88886547088628,-3.0704370146850124e-05
76.45069580078126,20.08360481262212,0.0003368235775269568
76.45069580078126,20.27834415435796,0.0001385522773489356
76.45069580078126,20.4730834960938,
76.45069580078126,20.66782283782964,0.0002351990551687777
76.45069580078126,20.86256217956548,7.85841402830556e-05
76.45069580078126,21.05730152130132,0.00013250584015622735
76.45069580078126,21.25204086303716,3.9709393604425713e-05
76.45069580078126,21.446780204773,0.00019023615459445864
76.45069580078126,21.64151954650884,-0.00013629908789880574
76.45069580078126,21.83625888824468,
76.45069580078126,22.03099822998052,0.00014219315198715776
76.64069580078126,15.60459995269781,1.0136976925423369e-05
76.64069580078126,15.79933929443365,-9.317370131611824e-05
76.64069580078126,15.99407863616949,0.00012143839558120817
76.64069580078126,16.18881797790533,5.326656537363306e-05
76.64069580078126,16.38355731964117,-3.366417877259664e-05
76.64069580078126,16.57829666137701,9.953808330465108e-05
76.64069580078126,16.77303600311285,-4.1096871427726e-05
76.64069580078126,16.96777534484869,-7.398179150186479e-05
76.64069580078126,17.16251468658453,0.0002153927052859217
76.64069580078126,17.357254028320366,1.714935206109658e-05
76.64069580078126,17.551993370056206,
76.64069580078126,17.746732711792045,1.0934410283880425e-06
76.64069580078126,17.941472053527885,5.073601278127171e-05
76.64069580078126,18.136211395263725,0.00010909824777627364
76.64069580078126,18.330950736999565,0.00019684071594383568
76.64069580078126,18.525690078735405,-0.00021379113604780287
76.64069580078126,18.720429420471245,0.00026393274310976267
76.64069580078126,18.915168762207085,0.00033458558027632535
76.64069580078126,19.109908103942924,0.0002564152528066188
76.64069580078126,19.304647445678764,-4.493899905355647e-05
76.64069580078126,19.499386787414604,-5.468469316838309e-05
76.64069580078126,19.694126129150444,5.533201328944415e-05
76.64069580078126,19.88886547088628,-5.545629028347321e-05
76.64069580078126,20.08360481262212,9.085006604436785e-05
76.64069580078126,20.27834415435796,0.00018356750661041588
76.64069580078126,20.4730834960938,
76.64069580078126,20.66782283782964,1.8829714463208802e-05
76.64069580078126,20.86256217956548,
76.64069580078126,21.05730152130132,
76.64069580078126,21.25204086303716,
76.64069580078126,21.446780204773,0.00014002859825268388
76.64069580078126,21.64151954650884,-5.8646353863878176e-05
76.64069580078126,21.83625888824468,5.832382885273546e-05
76.64069580078126,22.03099822998052,-1.9210230675525963e-05
76.83069580078126,15.60459995269781,-0.00012017530389130116
76.83069580078126,15.79933929443365,0.00027067004702985287
76.83069580078126,15.99407863616949,-0.00021441318676806986
76.83069580078126,16.18881797790533,4.957804048899561e-05
76.83069580078126,16.38355731964117,0.0001688469055807218
76.83069580078126,16.57829666137701,0.00035901047522202134
76.83069580078126,16.77303600311285,-0.0001038898917613551
76.83069580078126,16.96777534484869,6.186296377563849e-05
76.83069580078126,17.16251468658453,2.2798207282903604e-05
76.83069580078126,17.357254028320366,0.00017438594659324735
76.83069580078126,17.551993370056206,6.644003588007763e-05
76.83069580078126,17.746732711792045,0.00021925348846707493
76.83069580078126,17.941472053527885,0.00012156682350905612
76.83069580078126,18.136211395263725,0.000173048087162897
76.83069580078126,18.330950736999565,
76.83069580078126,18.525690078735405,0.00010975525947287679
76.83069580078126,18.720429420471245,1.2353581269053393e-06
76.83069580078126,18.915168762207085,
76.83069580078126,19.109908103942924,0.00016151829913724214
76.83069580078126,19.304647445678764,0.00012657680781558156
76.83069580078126,19.499386787414604,3.563674181350507e-05
76.83069580078126,19.694126129150444,9.197343024425209e-05
76.83069580078126,19.88886547088628,-4.874784281128086e-06
76.83069580078126,20.08360481262212,-3.38999270752538e-05
76.83069580078126,20.27834415435796,0.0001570070890011266
76.83069580078126,20.4730834960938,0.0001177150261355564
76.83069580078126,20.66782283782964,-3.5912908060709015e-05
76.83069580078126,20.86256217956548,0.00016038438479881734
76.83069580078126,21.05730152130132,0.00022105163952801377
76.83069580078126,21.25204086303716,8.149075438268483e-05
76.83069580078126,21.446780204773,0.00011309028923278674
76.83069580078126,21.64151954650884,8.849779260344803e-05
76.83069580078126,21.83625888824468,4.350612016423838e-06
76.83069580078126,22.03099822998052,9.601854981156066e-05
77.02069580078125,15.60459995269781,-8.416909986408427e-05
77.02069580078125,15.79933929443365,
77.02069580078125,15.99407863616949,8.075114601524547e-05
77.02069580078125,16.18881797790533,3.977651067543775e-05
77.02069580078125,16.38355731964117,0.00039427255978807807
77.02069580078125,16.57829666137701,8.839584916131571e-05
77.02069580078125,16.77303600311285,7.247460598591715e-05
77.02069580078125,16.96777534484869,7.841760088922456e-05
77.02069580078125,17.16251468658453,0.0001422129716956988
77.02069580078125,17.357254028320366,8.285833609988913e-05
77.02069580078125,17.551993370056206,0.00034355433308519423
77.02069580078125,17.746732711792045,2.8337310141068883e-05
77.02069580078125,17.941472053527885,0.00016854402201715857
77.02069580078125,18.136211395263725,-0.0001478960330132395
77.02069580078125,18.330950736999565,0.0002854782505892217
77.02069580078125,18.525690078735405,
77.02069580078125,18.720429420471245,0.00020038658112753183
77.02069580078125,18.915168762207085,2.0319568648119457e-05
77.02069580078125,19.109908103942924,-7.017786265350878e-05
77.02069580078125,19.304647445678764,7.471355638699606e-05
77.02069580078125,19.499386787414604,
77.02069580078125,19.694126129150444,
77.02069580078125,19.88886547088628,0.00011204706243006513
77.02069580078125,20.08360481262212,0.00018636751337908208
77.02069580078125,20.27834415435796,
77.02069580078125,20.4730834960938,0.00037117573083378375
77.02069580078125,20.66782283782964,0.00026633962988853455
77.02069580078125,20.86256217956548,0.00021482689771801233
77.02069580078125,21.05730152130132,0.00010131471208296716
77.02069580078125,21.25204086303716,-3.299488525954075e-05
77.02069580078125,21.446780204773,9.928367217071354e-05
77.02069580078125,21.64151954650884,-5.512010829988867e-05
77.02069580078125,21.83625888824468,-7.50740000512451e-05
77.02069580078125,22.03099822998052,
77.21069580078125,15.60459995269781,-4.3056865251855925e-05
77.21069580078125,15.79933929443365,
77.21069580078125,15.99407863616949,
77.21069580078125,16.18881797790533,0.00012320461974013597
77.21069580078125,16.38355731964117,7.437208751071012e-07
77.21069580078125,16.57829666137701,-2.769533784885425e-05
77.21069580078125,16.77303600311285,1.7639516954659484e-05
77.21069580078125,16.96777534484869,0.00041116742067970335
77.21069580078125,17.16251468658453,0.00021877021936234087
77.21069580078125,17.357254028320366,3.0296203476609662e-05
77.21069580078125,17.551993370056206,
77.21069580078125,17.746732711792045,-6.475422560470179e-05
77.21069580078125,17.941472053527885,0.0002795150503516197
77.21069580078125,18.136211395263725,-8.221137250075117e-05
77.21069580078125,18.330950736999565,
77.21069580078125,18.525690078735405,0.00017715070862323046
77.21069580078125,18.720429420471245,2.2653432097285986e-05
77.21069580078125,18.915168762207085,0.00020150787895545363
77.21069580078125,19.109908103942924,0.00021004315931349993
77.21069580078125,19.304647445678764,-0.00015531697135884315
77.21069580078125,19.499386787414604,0.0002747916732914746
77.21069580078125,19.694126129150444,0.00023373079602606595
77.21069580078125,19.88886547088628,0.00032006451510824263
77.21069580078125,20.08360481262212,8.290175901493058e-05
77.21069580078125,20.27834415435796,1.0539381946728099e-05
77.21069580078125,20.4730834960938,0.0001569795422255993
77.21069580078125,20.66782283782964,4.655152952182107e-05
77.21069580078125,20.86256217956548,0.00010951689182547852
77.21069580078125,21.05730152130132,
77.21069580078125,21.25204086303716,
77.21069580078125,21.446780204773,
77.21069580078125,21.64151954650884,
77.21069580078125,21.83625888824468,-4.61969684693031e-05
77.21069580078125,22.03099822998052,0.0001046555771608837
77.40069580078125,15.60459995269781,-3.998797183157876e-05
77.40069580078125,15.79933929443365,8.912499470170587e-05
77.40069580078125,15.99407863616949,0.00024025532184168696
77.40069580078125,16.18881797790533,2.9630877179442905e-05
77.40069580078125,16.38355731964117,-9.28771169128595e-06
77.40069580078125,16.57829666137701,0.00025365789770148695
77.40069580078125,16.77303600311285,0.00017347815446555614
77.40069580078125,16.96777534484869,0.00026974972570315003
77.40069580078125,17.16251468658453,
77.40069580078125,17.357254028320366,0.00012158066965639591
77.40069580078125,17.551993370056206,-1.0490744898561388e-05
77.40069580078125,17.746732711792045,
77.40069580078125,17.941472053527885,8.431826427113265e-05
77.40069580078125,18.136211395263725,6.557282904395834e-05
77.40069580078125,18.330950736999565,-0.00010716964607127011
77.40069580078125,18.525690078735405,7.862441270845011e-05
77.40069580078125,18.720429420471245,-6.071267125662416e-05
77.40069580078125,18.915168762207085,
77.40069580078125,19.109908103942924,0.00022971793077886105
77.40069580078125,19.304647445678764,0.00020952937484253198
77.40069580078125,19.499386787414604,
77.40069580078125,19.694126129150444,0.00011669311788864434
77.40069580078125,19.88886547088628,0.00017048623703885823
77.40069580078125,20.08360481262212,3.778168320422992e-05
77.40069580078125,20.27834415435796,8.655192505102605e-05
77.40069580078125,20.4730834960938,7.97733009676449e-05
77.40069580078125,20.66782283782964,2.439933041387121e-06
77.40069580078125,20.86256217956548,0.00018197043391410261
77.40069580078125,21.05730152130132,
77.40069580078125,21.25204086303716,1.4409542927751318e-05
77.40069580078125,21.446780204773,8.110763883451e-05
77.40069580078125,21.64151954650884,1.4900219866831321e-05
77.40069580078125,21.83625888824468,-2.238512570329476e-05
77.40069580078125,22.03099822998052,9.962293006537948e-06
77.59069580078125,15.60459995269781,0.00016043454525060952
77.59069580078125,15.79933929443365,-5.346782018023077e-06
77.59069580078125,15.99407863616949,3.1393952667713165e-05
77.59069580078125,16.18881797790533,6.862926966277882e-05
77.59069580078125,16.38355731964117,
77.59069580078125,16.57829666137701,0.00019362835155334324
77.59069580078125,16.77303600311285,0.0001564512203913182
77.59069580078125,16.96777534484869,0.00029875844484195113
77.59069580078125,17.16251468658453,-6.25166212557815e-05
77.59069580078125,17.357254028320366,-6.728284643031657e-05
77.59069580078125,17.551993370056206,
77.59069580078125,17.746732711792045,0.0002568991621956229
77.59069580078125,17.941472053527885,-3.032197639640799e-07
77.59069580078125,18.136211395263725,0.00019648895249702036
77.59069580078125,18.330950736999565,0.0001622202544240281
77.59069580078125,18.525690078735405,0.00016073061851784587
77.59069580078125,18.720429420471245,0.0004611447511706501
77.59069580078125,18.915168762207085,
77.59069580078125,19.109908103942924,
77.59069580078125,19.304647445678764,-0.0001234914525412023
77.59069580078125,19.499386787414604,6.003886664984748e-05
77.59069580078125,19.694126129150444,0.00011024408740922809
77.59069580078125,19.88886547088628,-0.00010192004992859438
77.59069580078125,20.08360481262212,7.394680142169818e-05
77.59069580078125,20.27834415435796,6.822101568104699e-05
77.59069580078125,20.4730834960938,
77.59069580078125,20.66782283782964,-2.4437415049760602e-05
77.59069580078125,20.86256217956548,0.0001748007198330015
77.59069580078125,21.05730152130132,5.292670539347455e-05
77.59069580078125,21.25204086303716,0.00019316253019496799
77.59069580078125,21.446780204773,7.408596047753235e-06
77.59069580078125,21.64151954650884,2.7173982743988745e-05
77.59069580078125,21.83625888824468,-7.144737901398912e-05
77.59069580078125,22.03099822998052,0.0002297312894370407
77.78069580078125,15.60459995269781,9.893746755551547e-05
77.78069580078125,15.79933929443365,-0.0001165473586297594
77.78069580078125,15.99407863616949,6.06169160164427e-05
77.78069580078125,16.18881797790533,9.49763780226931e-05
77.78069580078125,16.38355731964117,
77.78069580078125,16.57829666137701,0.00033065659226849675
77.78069580078125,16.77303600311285,-2.6603836886351928e-05
77.78069580078125,16.96777534484869,-5.6590506574139e-05
77.78069580078125,17.16251468658453,-6.653237505815923e-05
77.78069580078125,17.357254028320366,6.16050383541733e-05
77.78069580078125,17.551993370056206,-9.045418119058013e-05
77.78069580078125,17.746732711792045,0.00012725785200018436
77.78069580078125,17.941472053527885,
77.78069580078125,18.136211395263725,0.00019043873180635273
77.78069580078125,18.330950736999565,0.00014277930313255638
77.78069580078125,18.525690078735405,-0.00018519238801673055
77.78069580078125,18.720429420471245,-5.5753171182004735e-05
77.78069580078125,18.915168762207085,-6.904263955220813e-06
77.78069580078125,19.109908103942924,-5.414152383309556e-06
77.78069580078125,19.304647445678764,1.7518050299258903e-05
77.78069580078125,19.499386787414604,0.00025169391301460564
77.78069580078125,19.694126129150444,0.00011835979239549488
77.78069580078125,19.88886547088628,0.00026375334709882736
77.78069580078125,20.08360481262212,6.58156059216708e-05
77.78069580078125,20.27834415435796,8.407377754338086e-05
77.78069580078125,20.4730834960938,8.817385969450697e-05
77.78069580078125,20.66782283782964,0.00014849897706881166
77.78069580078125,20.86256217956548,4.4822951167589054e-05
77.78069580078125,21.05730152130132,
77.78069580078125,21.25204086303716,0.00014127930626273155
77.78069580078125,21.446780204773,-1.855165282904636e-05
77.78069580078125,21.64151954650884,0.00022914608416613191
77.78069580078125,21.83625888824468,0.00012945513299200684
77.78069580078125,22.03099822998052,-1.700881330179982e-05
77.97069580078124,15.60459995269781,2.981347824970726e-05
77.97069580078124,15.79933929443365,0.00015336813521571457
77.97069580078124,15.99407863616949,3.336167355882935e-05
77.97069580078124,16.18881797790533,2.779416490739095e-06
77.97069580078124,16.38355731964117,7.13798581273295e-05
77.97069580078124,16.57829666137701,9.005222091218457e-05
77.97069580078124,16.77303600311285,0.00020752187992911786
77.97069580078124,16.96777534484869,0.00019206327851861715
77.97069580078124,17.16251468658453,7.153612386900932e-05
77.97069580078124,17.357254028320366,5.449977038551879e-07
77.97069580078124,17.551993370056206,0.00023684866027906537
77.97069580078124,17.746732711792045,2.161416705348529e-05
77.97069580078124,17.941472053527885,
77.97069580078124,18.136211395263725,5.093000436318107e-05
77.97069580078124,18.330950736999565,0.00024573871633037925
77.97069580078124,18.525690078735405,3.5846511309500784e-05
77.97069580078124,18.720429420471245,
77.97069580078124,18.915168762207085,0.0003399772976990789
77.97069580078124,19.109908103942924,8.387924754060805e-05
77.97069580078124,19.304647445678764,
77.97069580078124,19.499386787414604,-6.324524747469695e-06
77.97069580078124,19.694126129150444,-7.683400326641276e-05
77.97069580078124,19.88886547088628,
77.97069580078124,20.08360481262212,-0.00026169876218773425
77.97069580078124,20.27834415435796,-6.08711525273975e-05
77.97069580078124,20.4730834960938,0.0003251705493312329
77.97069580078124,20.66782283782964,-2.8848835427197628e-05
77.97069580078124,20.86256217956548,-4.245795207680203e-05
77.97069580078124,21.05730152130132,
77.97069580078124,21.25204086303716,6.819349800935015e-05
77.97069580078124,21.446780204773,0.00020481875981204212
77.97069580078124,21.64151954650884,-6.109532114351168e-05
77.97069580078124,21.83625888824468,2.6762319976114668e-05
77.97069580078124,22.03099822998052,0.00026624836027622223
78.16069580078124,15.60459995269781,0.00028895027935504913
78.16069580078124,15.79933929443365,
78.16069580078124,15.99407863616949,7.337136048590764e-05
78.16069580078124,16.18881797790533,-1.092077036446426e-05
78.16069580078124,16.38355731964117,5.968773257336579e-05
78.16069580078124,16.57829666137701,-2.2302871002466418e-05
78.16069580078124,16.77303600311285,0.00023573223734274507
78.16069580078124,16.96777534484869,-3.7269357562763616e-05
78.16069580078124,17.16251468658453,-2.7087851776741445e-05
78.16069580078124,17.357254028320366,8.261682523880154e-06
78.16069580078124,17.551993370056206,-1.7181383782371995e-06
78.16069580078124,17.746732711792045,0.0001531990128569305
78.16069580078124,17.941472053527885,2.78229945251951e-05
78.16069580078124,18.136211395263725,-7.303281017811969e-05
78.16069580078124,18.330950736999565,-0.00018992101831827313
78.16069580078124,18.525690078735405,
78.16069580078124,18.720429420471245,4.072226147400215e-05
78.16069580078124,18.915168762207085,-0.0001106499694287777
78.16069580078124,19.109908103942924,
78.16069580078124,19.304647445678764,-5.104228421259904e-06
78.16069580078124,19.499386787414604,-2.639614422150771e-06
78.16069580078124,19.694126129150444,-0.00013167550787329674
78.16069580078124,19.88886547088628,0.0001694031961960718
78.16069580078124,20.08360481262212,4.5645306272490416e-06
78.16069580078124,20.27834415435796,0.00012879620771855116
78.16069580078124,20.4730834960938,
78.16069580078124,20.66782283782964,0.0001985743729164824
78.16069580078124,20.86256217956548,
78.16069580078124,21.05730152130132,0.00017605519678909332
78.16069580078124,21.25204086303716,-3.2556527003180236e-05
78.16069580078124,21.446780204773,6.799770926591009e-05
78.16069580078124,21.64151954650884,
78.16069580078124,21.83625888824468,4.2649295210139826e-05
78.16069580078124,22.03099822998052,9.490705997450277e-05
78.35069580078124,15.60459995269781,0.00010932746954495087
78.35069580078124,15.79933929443365,-0.0001263319718418643
78.35069580078124,15.99407863616949,9.27735964069143e-05
78.35069580078124,16.18881797790533,0.00018901149451266974
78.35069580078124,16.38355731964117,
78.35069580078124,16.57829666137701,8.396721386816353e-05
78.35069580078124,16.77303600311285,4.9169553676620126e-05
78.35069580078124,16.96777534484869,-8.355169120477512e-05
78.35069580078124,17.16251468658453,8.515343506587669e-05
78.35069580078124,17.357254028320366,0.00011735737643903121
78.35069580078124,17.551993370056206,-5.946324017713778e-05
78.35069580078124,17.746732711792045,0.00035740307066589594
78.35069580078124,17.941472053527885,-4.895264282822609e-05
78.35069580078124,18.136211395263725,6.913684774190187e-05
78.35069580078124,18.330950736999565,7.492460281355307e-05
78.35069580078124,18.525690078735405,0.00015716618509031832
78.35069580078124,18.720429420471245,
78.35069580078124,18.915168762207085,-2.514089828764554e-05
78.35069580078124,19.109908103942924,9.67570158536546e-05
78.35069580078124,19.304647445678764,0.00017376415780745447
78.35069580078124,19.499386787414604,0.00029746443033218384
78.35069580078124,19.694126129150444,0.00026243249885737896
78.35069580078124,19.88886547088628,-4.198216265649535e-05
78.35069580078124,20.08360481262212,3.299193849670701e-05
78.35069580078124,20.27834415435796,6.671762821497396e-05
78.35069580078124,20.4730834960938,-6.0670699895126745e-06
78.35069580078124,20.66782283782964,-0.00012151337432442233
78.35069580078124,20.86256217956548,0.00012959179002791643
78.35069580078124,21.05730152130132,-5.364299431676045e-05
78.35069580078124,21.25204086303716,0.00012136937584728003
78.35069580078124,21.446780204773,-0.00014400809595827013
78.35069580078124,21.64151954650884,9.905725164571777e-05
78.35069580078124,21.83625888824468,5.3215506341075525e-05
78.35069580078124,22.03099822998052,9.26055436138995e-05
78.54069580078124,15.60459995269781,8.09407647466287e-05
78.54069580078124,15.79933929443365,0.00021290115546435118
78.54069580078124,15.99407863616949,7.64991418691352e-05
78.54069580078124,16.18881797790533,0.00017559927073307335
78.54069580078124,16.38355731964117,-9.617648902349174e-05
78.54069580078124,16.57829666137701,0.0001788861263776198
78.54069580078124,16.77303600311285,
78.54069580078124,16.96777534484869,
78.54069580078124,17.16251468658453,
78.54069580078124,17.357254028320366,
78.54069580078124,17.551993370056206,-2.0544148355838843e-06
78.54069580078124,17.746732711792045,9.665730431152042e-06
78.54069580078124,17.941472053527885,-5.58458523300942e-05
78.54069580078124,18.136211395263725,1.4779455341340508e-05
78.54069580078124,18.330950736999565,-0.00017581191787030548
78.54069580078124,18.525690078735405,-9.579909965395927e-05
78.54069580078124,18.720429420471245,-6.521667819470167e-05
78.54069580078124,18.915168762207085,-6.618202314712107e-05
78.54069580078124,19.109908103942924,-5.2869880164507776e-05
78.54069580078124,19.304647445678764,9.917781426338479e-05
78.54069580078124,19.499386787414604,-9.5284331109724e-06
78.54069580078124,19.694126129150444,0.0001356162829324603
78.54069580078124,19.88886547088628,0.00022321194410324097
78.54069580078124,20.08360481262212,0.00017284436034969985
78.54069580078124,20.27834415435796,5.569536006078124e-05
78.54069580078124,20.4730834960938,3.393997030798346e-05
78.54069580078124,20.66782283782964,0.00011639342119451612
78.54069580078124,20.86256217956548,
78.54069580078124,21.05730152130132,-9.034188406076282e-05
78.54069580078124,21.25204086303716,
78.54069580078124,21.446780204773,2.9044529583188705e-05
78.54069580078124,21.64151954650884,0.0002306470851181075
78.54069580078124,21.83625888824468,-6.861809379188344e-05
78.54069580078124,22.03099822998052,0.0001678464759606868
78.73069580078123,15.60459995269781,0.00017214688705280423
78.73069580078123,15.79933929443365,-0.00011185336188646033
78.73069580078123,15.99407863616949,0.00016181287355720997
78.73069580078123,16.18881797790533,-1.4069789358472917e-05
78.73069580078123,16.38355731964117,0.00026140728732571006
78.73069580078123,16.57829666137701,0.00011152371735079214
78.73069580078123,16.77303600311285,-6.0771548305638134e-05
78.73069580078123,16.96777534484869,
78.73069580078123,17.16251468658453,-4.449831976671703e-05
78.73069580078123,17.357254028320366,0.0001980830857064575
78.73069580078123,17.551993370056206,0.00010676820238586515
78.73069580078123,17.746732711792045,-8.11249774415046e-05
78.73069580078123,17.941472053527885,-1.64517987286672e-05
78.73069580078123,18.136211395263725,0.00011715704022208229
78.73069580078123,18.330950736999565,-8.186741979443468e-06
78.73069580078123,18.525690078735405,
78.73069580078123,18.720429420471245,0.00028299150289967656
78.73069580078123,18.915168762207085,
78.73069580078123,19.109908103942924,-8.201098535209894e-05
78.73069580078123,19.304647445678764,0.0001168903399957344
78.73069580078123,19.499386787414604,
78.73069580078123,19.694126129150444,0.000404045102186501
78.73069580078123,19.88886547088628,5.1120336138410494e-05
78.73069580078123,20.08360481262212,
78.73069580078123,20.27834415435796,0.0001983584079425782
78.73069580078123,20.4730834960938,0.00012422612053342164
78.73069580078123,20.66782283782964,2.229723941127304e-05
78.73069580078123,20.86256217956548,0.00012262925156392157
78.73069580078123,21.05730152130132,0.00012406667519826442
78.73069580078123,21.25204086303716,2.8975264285691082e-05
78.73069580078123,21.446780204773,0.00017618607671465725
78.73069580078123,21.64151954650884,0.00012257974594831467
78.73069580078123,21.83625888824468,0.00010041453060694039
78.73069580078123,22.03099822998052,
78.92069580078123,15.60459995269781,
78.92069580078123,15.79933929443365,0.00016173299809452146
78.92069580078123,15.99407863616949,0.00011615602124948055
78.92069580078123,16.18881797790533,0.00016970151045825332
78.92069580078123,16.38355731964117,0.00010189685417572036
78.92069580078123,16.57829666137701,5.5009120842441916e-05
78.92069580078123,16.77303600311285,
78.92069580078123,16.96777534484869,0.000215964944800362
78.92069580078123,17.16251468658453,0.00020495589706115425
78.92069580078123,17.357254028320366,0.00021701277000829577
78.92069580078123,17.551993370056206,
78.92069580078123,17.746732711792045,
78.92069580078123,17.941472053527885,0.0001691376237431541
78.92069580078123,18.136211395263725,0.00014744013606105
78.92069580078123,18.330950736999565,
78.92069580078123,18.525690078735405,
78.92069580078123,18.720429420471245,7.21185642760247e-05
78.92069580078123,18.915168762207085,0.0002618955622892827
78.92069580078123,19.109908103942924,-2.8770726203219965e-05
78.92069580078123,19.304647445678764,-8.523048018105328e-05
78.92069580078123,19.499386787414604,-5.8503828768152744e-05
78.92069580078123,19.694126129150444,0.00022846114006824791
78.92069580078123,19.88886547088628,-2.2242922568693757e-05
78.92069580078123,20.08360481262212,8.645580237498507e-05
78.92069580078123,20.27834415435796,
78.92069580078123,20.4730834960938,0.00015693335444666445
78.92069580078123,20.66782283782964,0.00016356837295461446
78.92069580078123,20.86256217956548,0.0001418075553374365
78.92069580078123,21.05730152130132,-0.0001263243902940303
78.92069580078123,21.25204086303716,9.795687947189435e-05
78.92069580078123,21.446780204773,-0.00033127350616268814
78.92069580078123,21.64151954650884,5.692544436897151e-05
78.92069580078123,21.83625888824468,
78.92069580078123,22.03099822998052,0.000198136898688972
79.11069580078123,15.60459995269781,0.00020800773927476257
79.11069580078123,15.79933929443365,4.5423657866194844e-06
79.11069580078123,15.99407863616949,3.692745303851552e-05
79.11069580078123,16.18881797790533,4.3846157495863736e-06
79.11069580078123,16.38355731964117,0.00013121675874572247
79.11069580078123,16.57829666137701,6.130228575784713e-05
79.11069580078123,16.77303600311285,3.091696271440014e-05
79.11069580078123,16.96777534484869,0.00010876477608690038
79.11069580078123,17.16251468658453,0.00019106714171357453
79.11069580078123,17.357254028320366,0.00010063350055133924
79.11069580078123,17.551993370056206,
79.11069580078123,17.746732711792045,0.0001759697770467028
79.11069580078123,17.941472053527885,
79.11069580078123,18.136211395263725,0.0002859409723896533
79.11069580078123,18.330950736999565,-1.860906013462227e-05
79.11069580078123,18.525690078735405,
79.11069580078123,18.720429420471245,0.00027641665656119585
79.11069580078123,18.915168762207085,-7.464775262633339e-05
79.11069580078123,19.109908103942924,
79.11069580078123,19.304647445678764,0.00012999145837966353
79.11069580078123,19.499386787414604,
79.11069580078123,19.694126129150444,0.00019781169248744845
79.11069580078123,19.88886547088628,-4.4652490032603964e-05
79.11069580078123,20.08360481262212,0.00021315533376764506
79.11069580078123,20.27834415435796,2.517024586268235e-05
79.11069580078123,20.4730834960938,0.00024735397892072797
79.11069580078123,20.66782283782964,0.0001618528040125966
79.11069580078123,20.86256217956548,0.0003806795284617692
79.11069580078123,21.05730152130132,0.00022116854961495847
79.11069580078123,21.25204086303716,9.496194979874417e-05
79.11069580078123,21.446780204773,
79.11069580078123,21.64151954650884,2.129440508724656e-05
79.11069580078123,21.83625888824468,-8.627064380561933e-05
79.11069580078123,22.03099822998052,-9.179751214105636e-05
79.30069580078123,15.60459995269781,0.00018577177252154797
79.30069580078123,15.79933929443365,3.927932630176656e-05
79.30069580078123,15.99407863616949,0.00013654645590577275
79.30069580078123,16.18881797790533,-0.0002907043672166765
79.30069580078123,16.38355731964117,-3.0841616535326466e-05
79.30069580078123,16.57829666137701,-9.02512765605934e-05
79.30069580078123,16.77303600311285,0.00021918286802247167
79.30069580078123,16.96777534484869,6.746353028574958e-05
79.30069580078123,17.16251468658453,-6.296508945524693e-05
79.30069580078123,17.357254028320366,-2.829517143254634e-05
79.30069580078123,17.551993370056206,0.00016260580741800368
79.30069580078123,17.746732711792045,0.00013863098865840584
79.30069580078123,17.941472053527885,
79.30069580078123,18.136211395263725,
79.30069580078123,18.330950736999565,4.2863612179644406e-05
79.30069580078123,18.525690078735405,6.166903040139005e-05
79.30069580078123,18.720429420471245,0.00017376415780745447
79.30069580078123,18.915168762207085,0.0001496149634476751
79.30069580078123,19.109908103942924,0.00029487223946489394
79.30069580078123,19.304647445678764,9.255750774173066e-05
79.30069580078123,19.499386787414604,-3.281713361502625e-05
79.30069580078123,19.694126129150444,
79.30069580078123,19.88886547088628,
79.30069580078123,20.08360481262212,0.00025681729312054813
79.30069580078123,20.27834415435796,0.000251425604801625
79.30069580078123,20.4730834960938,-0.0001334485859842971
79.30069580078123,20.66782283782964,-0.00010675292287487537
79.30069580078123,20.86256217956548,0.00019999290816485882
79.30069580078123,21.05730152130132,0.00016759509162511677
79.30069580078123,21.25204086303716,0.0001797531876945868
79.30069580078123,21.446780204773,-1.5730547602288425e-05
79.30069580078123,21.64151954650884,0.00015699909999966621
79.30069580078123,21.83625888824468,0.00016697371029295027
79.30069580078123,22.03099822998052,9.286451677326113e-05
79.49069580078122,15.60459995269781,0.00017073456547223032
79.49069580078122,15.79933929443365,
79.49069580078122,15.99407863616949,0.0001048041449394077
79.49069580078122,16.18881797790533,-1.2420799976098351e-05
79.49069580078122,16.38355731964117,0.0001448347611585632
79.49069580078122,16.57829666137701,3.699287844938226e-05
79.49069580078122,16.77303600311285,0.00010354881669627503
79.49069580078122,16.96777534484869,6.691719318041578e-05
79.49069580078122,17.16251468658453,4.3765401642303914e-05
79.49069580078122,17.357254028320366,9.970267274184152e-05
79.49069580078122,17.551993370056206,5.599798896582797e-05
79.49069580078122,17.746732711792045,-7.545762491645291e-05
79.49069580078122,17.941472053527885,-1.2599005458469037e-05
79.49069580078122,18.136211395263725,0.00024559779558330774
79.49069580078122,18.330950736999565,-1.7739415625328547e-07
79.49069580078122,18.525690078735405,8.318979234900326e-05
79.49069580078122,18.720429420471245,0.00011954721412621439
79.49069580078122,18.915168762207085,-2.7939369829255156e-05
79.49069580078122,19.109908103942924,-8.560863352613524e-05
79.49069580078122,19.304647445678764,
79.49069580078122,19.499386787414604,-5.150281504029408e-05
79.49069580078122,19.694126129150444,6.725510320393369e-05
79.49069580078122,19.88886547088628,-0.0001098967986763455
79.49069580078122,20.08360481262212,0.00020929081074427813
79.49069580078122,20.27834415435796,8.022023394005373e-05
79.49069580078122,20.4730834960938,-8.171701483661309e-05
79.49069580078122,20.66782283782964,4.940176586387679e-05
79.49069580078122,20.86256217956548,-8.688096386322286e-06
79.49069580078122,21.05730152130132,-7.229824404930696e-05
79.49069580078122,21.25204086303716,0.0001824344217311591
79.49069580078122,21.446780204773,0.000240840352489613
79.49069580078122,21.64151954650884,-4.0915147110354155e-05
79.49069580078122,21.83625888824468,
79.49069580078122,22.03099822998052,0.00017743970965966582
79.68069580078122,15.60459995269781,-0.00015765962598379701
79.68069580078122,15.79933929443365,9.635792957851663e-05
79.68069580078122,15.99407863616949,2.0707071598735638e-05
79.68069580078122,16.18881797790533,0.00012222927762195468
79.68069580078122,16.38355731964117,0.00017111646593548357
79.68069580078122,16.57829666137701,0.00012142597552156076
79.68069580078122,16.77303600311285,0.00031460876925848424
79.68069580078122,16.96777534484869,2.072905408567749e-05
79.68069580078122,17.16251468658453,8.139339479384944e-05
79.68069580078122,17.357254028320366,0.00030052196234464645
79.68069580078122,17.551993370056206,4.962106231687358e-06
79.68069580078122,17.746732711792045,0.0003046236524824053
79.68069580078122,17.941472053527885,0.0003767037414945662
79.68069580078122,18.136211395263725,0.0004374918935354799
79.68069580078122,18.330950736999565,0.0003550662368070334
79.68069580078122,18.525690078735405,3.5735192795982584e-05
79.68069580078122,18.720429420471245,-5.464866626425646e-05
79.68069580078122,18.915168762207085,
79.68069580078122,19.109908103942924,-0.00011370480933692306
79.68069580078122,19.304647445678764,0.00025740210548974574
79.68069580078122,19.499386787414604,4.5943983423057944e-05
79.68069580078122,19.694126129150444,
79.68069580078122,19.88886547088628,
79.68069580078122,20.08360481262212,
79.68069580078122,20.27834415435796,6.776995724067092e-05
79.68069580078122,20.4730834960938,0.0001529788423795253
79.68069580078122,20.66782283782964,
79.68069580078122,20.86256217956548,0.00014981151616666466
79.68069580078122,21.05730152130132,0.00021788304729852825
79.68069580078122,21.25204086303716,2.0500201571849175e-05
79.68069580078122,21.446780204773,0.0002886950096581131
79.68069580078122,21.64151954650884,8.822586823953316e-05
79.68069580078122,21.83625888824468,0.0001761935418471694
79.68069580078122,22.03099822998052,0.00010539373033680022
79.87069580078122,15.60459995269781,0.00016007971134968102
79.87069580078122,15.79933929443365,-4.93549850943964e-05
79.87069580078122,15.99407863616949,
79.87069580078122,16.18881797790533,0.0003246487467549741
79.87069580078122,16.38355731964117,-7.763718895148486e-05
79.87069580078122,16.57829666137701,-1.1292435146970092e-06
79.87069580078122,16.77303600311285,3.138042302452959e-05
79.87069580078122,16.96777534484869,0.00013234434300102293
79.87069580078122,17.16251468658453,0.00019877395243383944
79.87069580078122,17.357254028320366,1.4802926671109162e-05
79.87069580078122,17.551993370056206,0.00013461314665619284
79.87069580078122,17.746732711792045,0.0004454648296814412
79.87069580078122,17.941472053527885,0.00010879257024498656
79.87069580078122,18.136211395263725,0.000248592346906662
79.87069580078122,18.330950736999565,-2.4152077457983978e-05
79.87069580078122,18.525690078735405,6.290843157330528e-05
79.87069580078122,18.720429420471245,
79.87069580078122,18.915168762207085,4.027141403639689e-05
79.87069580078122,19.109908103942924,8.715144940651953e-05
79.87069580078122,19.304647445678764,
79.87069580078122,19.499386787414604,0.00014682410983368754
79.87069580078122,19.694126129150444,0.00011166144395247102
79.87069580078122,19.88886547088628,0.00040854758117347956
79.87069580078122,20.08360481262212,7.29963430785574e-05
79.87069580078122,20.27834415435796,
79.87069580078122,20.4730834960938,0.00019087006512563676
79.87069580078122,20.66782283782964,0.00015941685705911368
79.87069580078122,20.86256217956548,-6.179261254146695e-05
79.87069580078122,21.05730152130132,0.00031390428193844855
79.87069580078122,21.25204086303716,0.0002708612009882927
79.87069580078122,21.446780204773,0.0004079152422491461
79.87069580078122,21.64151954650884,6.263039540499449e-05
79.87069580078122,21.83625888824468,0.00016526829858776182
79.87069580078122,22.03099822998052,-7.236072269733995e-05
80.06069580078122,15.60459995269781,7.976008055265993e-05
80.06069580078122,15.79933929443365,1.74402794073103e-05
80.06069580078122,15.99407863616949,5.656359644490294e-05
80.06069580078122,16.18881797790533,1.2238837371114641e-05
80.06069580078122,16.38355731964117,1.5272220480255783e-05
80.06069580078122,16.57829666137701,0.0001316372654400766
80.06069580078122,16.77303600311285,0.0003126351803075522
80.06069580078122,16.96777534484869,0.0002860793611034751
80.06069580078122,17.16251468658453,
80.06069580078122,17.357254028320366,0.0001863576180767268
80.06069580078122,17.551993370056206,9.381431300425902e-05
80.06069580078122,17.746732711792045,0.00017089044558815658
80.06069580078122,17.941472053527885,0.00023101168335415423
80.06069580078122,18.136211395263725,4.491887739277445e-05
80.06069580078122,18.330950736999565,4.336494384915568e-05
80.06069580078122,18.525690078735405,-7.196940714493394e-05
80.06069580078122,18.720429420471245,2.5616582206566818e-05
80.06069580078122,18.915168762207085,0.00016700044216122478
80.06069580078122,19.109908103942924,0.0001364648633170873
80.06069580078122,19.304647445678764,
80.06069580078122,19.499386787414604,2.4224145818152465e-05
80.06069580078122,19.694126129150444,
80.06069580078122,19.88886547088628,-1.9353254174347967e-05
80.06069580078122,20.08360481262212,
80.06069580078122,20.27834415435796,0.00013084743113722652
80.06069580078122,20.4730834960938,4.9739013775251806e-05
80.06069580078122,20.66782283782964,0.0001078765417332761
80.06069580078122,20.86256217956548,0.00027957570273429155
80.06069580078122,21.05730152130132,1.953488936123904e-05
80.06069580078122,21.25204086303716,6.04958513577003e-05
80.06069580078122,21.446780204773,3.057640788028948e-05
80.06069580078122,21.64151954650884,-7.446361269103363e-05
80.06069580078122,21.83625888824468,0.00047714667744003236
80.06069580078122,22.03099822998052,
80.25069580078122,15.60459995269781,0.00011354208254488185
80.25069580078122,15.79933929443365,0.00012144064385211095
80.25069580078122,15.99407863616949,-0.00016076538304332644
80.25069580078122,16.18881797790533,-4.130004981561797e-06
80.25069580078122,16.38355731964117,-0.00014046621799934655
80.25069580078122,16.57829666137701,-0.00011551601346582174
80.25069580078122,16.77303600311285,-4.0497485315427184e-05
80.25069580078122,16.96777534484869,6.667810521321371e-05
80.25069580078122,17.16251468658453,-1.5314477423089556e-05
80.25069580078122,17.357254028320366,5.782465450465679e-05
80.25069580078122,17.551993370056206,4.481193627725588e-06
80.25069580078122,17.746732711792045,0.00011755078594433144
80.25069580078122,17.941472053527885,-8.026033901842311e-05
80.25069580078122,18.136211395263725,1.306831109104678e-05
80.25069580078122,18.330950736999565,0.0001634494255995378
80.25069580078122,18.525690078735405,-4.31251828558743e-05
80.25069580078122,18.720429420471245,6.411835056496784e-05
80.25069580078122,18.915168762207085,0.00015494048420805484
80.25069580078122,19.109908103942924,
80.25069580078122,19.304647445678764,-0.00025536963948979974
80.25069580078122,19.499386787414604,0.0002164102188544348
80.25069580078122,19.694126129150444,-3.9654576539760455e-05
80.25069580078122,19.88886547088628,0.00021977905998937786
80.25069580078122,20.08360481262212,
80.25069580078122,20.27834415435796,5.149501157575287e-05
80.25069580078122,20.4730834960938,3.52691495209001e-05
80.25069580078122,20.66782283782964,9.567527013132349e-05
80.25069580078122,20.86256217956548,0.00017381718498654664
80.25069580078122,21.05730152130132,
80.25069580078122,21.25204086303716,0.00016828915977384895
80.25069580078122,21.446780204773,-0.00014993974764365703
80.25069580078122,21.64151954650884,0.00011468312732176855
80.25069580078122,21.83625888824468,
80.25069580078122,22.03099822998052,0.000315106037305668
80.44069580078121,15.60459995269781,1.194796641357243e-05
80.44069580078121,15.79933929443365,-2.3935390345286578e-05
80.44069580078121,15.99407863616949,0.00023046822752803564
80.44069580078121,16.18881797790533,-7.529876165790483e-05
80.44069580078121,16.38355731964117,0.00016827073704916984
80.44069580078121,16.57829666137701,0.0001746415364323184
80.44069580078121,16.77303600311285,0.00025343813467770815
80.44069580078121,16.96777534484869,0.00016457798483315855
80.44069580078121,17.16251468658453,0.00011241788160987198
80.44069580078121,17.357254028320366,2.1985606508678757e-05
80.44069580078121,17.551993370056206,0.00022383102623280138
80.44069580078121,17.746732711792045,
80.44069580078121,17.941472053527885,0.00023353719734586775
80.44069580078121,18.136211395263725,0.0002324586530448869
80.44069580078121,18.330950736999565,
80.44069580078121,18.525690078735405,0.00012514418631326407
80.44069580078121,18.720429420471245,-7.266295597219141e-06
80.44069580078121,18.915168762207085,-0.00010205650323769078
80.44069580078121,19.109908103942924,0.0001681645808275789
80.44069580078121,19.304647445678764,2.510632293706294e-05
80.44069580078121,19.499386787414604,
80.44069580078121,19.694126129150444,5.575466275331564e-05
80.44069580078121,19.88886547088628,0.00013662477431353182
80.44069580078121,20.08360481262212,7.840040052542463e-05
80.44069580078121,20.27834415435796,-0.0001844084617914632
80.44069580078121,20.4730834960938,9.881842561298981e-05
80.44069580078121,20.66782283782964,-1.7515423678560182e-05
80.44069580078121,20.86256217956548,-6.022563320584595e-05
80.44069580078121,21.05730152130132,-0.00019596047059167176
80.44069580078121,21.25204086303716,9.618904732633382e-05
80.44069580078121,21.446780204773,
80.44069580078121,21.64151954650884,9.236139158019796e-05
80.44069580078121,21.83625888824468,0.00018488039495423436
80.44069580078121,22.03099822998052,5.3625939472112805e-05
80.63069580078121,15.60459995269781,4.062895823153667e-05
80.63069580078121,15.79933929443365,0.00022833050752524287
80.63069580078121,15.99407863616949,6.105789361754432e-05
80.63069580078121,16.18881797790533,2.3642236556042917e-05
80.63069580078121,16.38355731964117,0.00016112673620227724
80.63069580078121,16.57829666137701,
80.63069580078121,16.77303600311285,-7.022309728199616e-05
80.63069580078121,16.96777534484869,-5.664825948770158e-05
80.63069580078121,17.16251468658453,0.0002444094861857593
80.63069580078121,17.357254028320366,-7.181362889241427e-05
80.63069580078121,17.551993370056206,-2.2384087060345337e-05
80.63069580078121,17.746732711792045,2.4967139324871823e-05
80.63069580078121,17.941472053527885,8.247782716352958e-06
80.63069580078121,18.136211395263725,1.0906528586929198e-05
80.63069580078121,18.330950736999565,
80.63069580078121,18.525690078735405,-3.8218906411202624e-05
80.63069580078121,18.720429420471245,-2.5026509320014156e-05
80.63069580078121,18.915168762207085,-4.19902426074259e-05
80.63069580078121,19.109908103942924,0.00019149755826219916
80.63069580078121,19.304647445678764,
80.63069580078121,19.499386787414604,0.0001501769875176251
80.63069580078121,19.694126129150444,1.1149359124829061e-05
80.63069580078121,19.88886547088628,0.00012430686911102384
80.63069580078121,20.08360481262212,0.000151645319419913
80.63069580078121,20.27834415435796,4.631647971109487e-05
80.63069580078121,20.4730834960938,-1.3188885532144923e-05
80.63069580078121,20.66782283782964,
80.63069580078121,20.86256217956548,0.00015858394908718765
80.63069580078121,21.05730152130132,
80.63069580078121,21.25204086303716,-3.397704858798534e-05
80.63069580078121,21.446780204773,0.0002019775565713644
80.63069580078121,21.64151954650884,7.525686669396237e-05
80.63069580078121,21.83625888824468,5.9925463574472815e-05
80.63069580078121,22.03099822998052,-1.713673736958299e-05
80.82069580078121,15.60459995269781,
80.82069580078121,15.79933929443365,5.9666414017556235e-05
80.82069580078121,15.99407863616949,0.00018770711903925985
80.82069580078121,16.18881797790533,-0.00016135466285049915
80.82069580078121,16.38355731964117,0.00018409790936857462
80.82069580078121,16.57829666137701,2.5045641450560652e-05
80.82069580078121,16.77303600311285,-0.00017257920990232378
80.82069580078121,16.96777534484869,-2.031618896580767e-05
80.82069580078121,17.16251468658453,3.5229277273174375e-05
80.82069580078121,17.357254028320366,0.00010026996460510418
80.82069580078121,17.551993370056206,0.0001843543432187289
80.82069580078121,17.746732711792045,5.669467554980656e-06
80.82069580078121,17.941472053527885,0.00024425459560006857
80.82069580078121,18.136211395263725,0.00012683689419645816
80.82069580078121,18.330950736999565,0.00015909688954707235
80.82069580078121,18.525690078735405,0.00012891361257061362
80.82069580078121,18.720429420471245,
80.82069580078121,18.915168762207085,-9.528772352496162e-05
80.82069580078121,19.109908103942924,
80.82069580078121,19.304647445678764,
80.82069580078121,19.499386787414604,-9.000345744425431e-05
80.82069580078121,19.694126129150444,0.00014315999578684568
80.82069580078121,19.88886547088628,5.8433150115888566e-05
80.82069580078121,20.08360481262212,8.921583503251895e-05
80.82069580078121,20.27834415435796,
80.82069580078121,20.4730834960938,0.0001756737765390426
80.82069580078121,20.66782283782964,
80.82069580078121,20.86256217956548,-0.00019377630087547004
80.82069580078121,21.05730152130132,0.000145299025462009
80.82069580078121,21.25204086303716,
80.82069580078121,21.446780204773,0.0001454173616366461
80.82069580078121,21.64151954650884,-6.808983744122088e-05
80.82069580078121,21.83625888824468,
80.82069580078121,22.03099822998052,
