longitude,latitude,Hcho_value(mol/m^2)
76.22574615478533,8.076525688171444,0.0002770073770079762
76.22574615478533,8.21655300336012,
76.22574615478533,8.356580318548797,
76.22574615478533,8.496607633737474,0.00019724079174920917
76.22574615478533,8.636634948926151,0.00012853312364313751
76.22574615478533,8.776662264114828,0.00019132185843773186
76.22574615478533,8.916689579303505,0.00025989831192418933
76.22574615478533,9.05671689449218,
76.22574615478533,9.196744209680856,0.0001985079434234649
76.22574615478533,9.336771524869532,8.345609239768237e-05
76.22574615478533,9.47679884005821,0.0001627499150345102
76.22574615478533,9.616826155246889,
76.22574615478533,9.756853470435564,0.00010448887769598514
76.22574615478533,9.89688078562424,
76.22574615478533,10.036908100812918,
76.22574615478533,10.176935416001594,0.0001699373679002747
76.22574615478533,10.316962731190271,3.329231185489334e-05
76.22574615478533,10.456990046378948,0.00021554149861913174
76.22574615478533,10.597017361567625,0.00023549255274701864
76.22574615478533,10.737044676756302,-7.445643132086843e-05
76.22574615478533,10.877071991944977,8.973174408311024e-05
76.22574615478533,11.017099307133654,0.00020704063354060054
76.22574615478533,11.15712662232233,-1.1406343219277915e-05
76.22574615478533,11.297153937511007,0.0001643635769141838
76.22574615478533,11.437181252699684,7.765566260786727e-05
76.22574615478533,11.57720856788836,7.066882972139865e-05
76.22574615478533,11.717235883077038,-0.00010693699005059898
76.22574615478533,11.857263198265716,
76.22574615478533,11.997290513454391,9.883564052870497e-05
76.22574615478533,12.137317828643068,-2.880792635551188e-05
76.22574615478533,12.277345143831743,
76.22574615478533,12.41737245902042,0.0002566039329394698
76.22574615478533,12.5573997742091,-2.3370498638541903e-06
76.22574615478533,12.697427089397774,0.0003603869117796421
76.22574615478533,12.837454404586452,8.946319576352835e-05
76.22574615478533,12.977481719775128,0.0002651202376000583
76.22574615478533,13.117509034963804,
76.22574615478533,13.25753635015248,
76.22574615478533,13.397563665341158,0.00010726975597208366
76.22574615478533,13.537590980529837,
76.36574615478533,8.076525688171444,
76.36574615478533,8.21655300336012,
76.36574615478533,8.356580318548797,0.00023557811800856143
76.36574615478533,8.496607633737474,
76.36574615478533,8.636634948926151,0.00011802196968346834
76.36574615478533,8.776662264114828,0.00013226982264313847
76.36574615478533,8.916689579303505,9.572153794579208e-05
76.36574615478533,9.05671689449218,8.528037869837135e-05
76.36574615478533,9.196744209680856,0.00019596025231294334
76.36574615478533,9.336771524869532,
76.36574615478533,9.47679884005821,
76.36574615478533,9.616826155246889,
76.36574615478533,9.756853470435564,
76.36574615478533,9.89688078562424,4.488430931814946e-05
76.36574615478533,10.036908100812918,0.00036395349889062345
76.36574615478533,10.176935416001594,-4.5468652388080955e-05
76.36574615478533,10.316962731190271,5.199554652790539e-05
76.36574615478533,10.456990046378948,
76.36574615478533,10.597017361567625,0.00016226286243181676
76.36574615478533,10.737044676756302,4.766280471812934e-05
76.36574615478533,10.877071991944977,
76.36574615478533,11.017099307133654,0.00034453190164640546
76.36574615478533,11.15712662232233,-0.00010814731649588794
76.36574615478533,11.297153937511007,2.2978063043410657e-06
76.36574615478533,11.437181252699684,0.00034607030102051795
76.36574615478533,11.57720856788836,
76.36574615478533,11.717235883077038,0.0001409252581652254
76.36574615478533,11.857263198265716,0.00013442053750623018
76.36574615478533,11.997290513454391,-1.8083626855514012e-05
76.36574615478533,12.137317828643068,4.8634236009093e-05
76.36574615478533,12.277345143831743,-3.921371535398066e-05
76.36574615478533,12.41737245902042,0.0001156738871941343
76.36574615478533,12.5573997742091,4.581729444907978e-05
76.36574615478533,12.697427089397774,0.00019199855159968138
76.36574615478533,12.837454404586452,7.38243106752634e-05
76.36574615478533,12.977481719775128,-4.1861454519676045e-05
76.36574615478533,13.117509034963804,0.0001372491242364049
76.36574615478533,13.25753635015248,-3.7011934637121158e-06
76.36574615478533,13.397563665341158,0.00018050268408842385
76.36574615478533,13.537590980529837,0.00013280281564220786
76.50574615478533,8.076525688171444,0.00030135695124045014
76.50574615478533,8.21655300336012,0.00018273321620654315
76.50574615478533,8.356580318548797,2.9542556148953736e-05
76.50574615478533,8.496607633737474,0.00022432020341511816
76.50574615478533,8.636634948926151,0.00010398594167781994
76.50574615478533,8.776662264114828,0.00012552677071653306
76.50574615478533,8.916689579303505,0.0002149160427507013
76.50574615478533,9.05671689449218,0.0005342510412447155
76.50574615478533,9.196744209680856,
76.50574615478533,9.336771524869532,
76.50574615478533,9.47679884005821,
76.50574615478533,9.616826155246889,0.00016462014173157513
76.50574615478533,9.756853470435564,-1.7937683878699318e-05
76.50574615478533,9.89688078562424,0.00016788323409855366
76.50574615478533,10.036908100812918,-3.554315117071383e-05
76.50574615478533,10.176935416001594,-1.54948666022392e-05
76.50574615478533,10.316962731190271,0.0001244397572008893
76.50574615478533,10.456990046378948,
76.50574615478533,10.597017361567625,0.0002332849835511297
76.50574615478533,10.737044676756302,0.00022861873731017113
76.50574615478533,10.877071991944977,
76.50574615478533,11.017099307133654,0.0001618822425371036
76.50574615478533,11.15712662232233,
76.50574615478533,11.297153937511007,-0.0003253186878282577
76.50574615478533,11.437181252699684,0.0002161355223506689
76.50574615478533,11.57720856788836,0.00017333435243926942
76.50574615478533,11.717235883077038,0.00022082228679209948
76.50574615478533,11.857263198265716,
76.50574615478533,11.997290513454391,0.00024444973678328097
76.50574615478533,12.137317828643068,-5.370465441956185e-05
76.50574615478533,12.277345143831743,2.5357401682413183e-05
76.50574615478533,12.41737245902042,
76.50574615478533,12.5573997742091,8.725576481083408e-05
76.50574615478533,12.697427089397774,
76.50574615478533,12.837454404586452,0.00028072597342543304
76.50574615478533,12.977481719775128,
76.50574615478533,13.117509034963804,
76.50574615478533,13.25753635015248,0.00010606382420519367
76.50574615478533,13.397563665341158,
76.50574615478533,13.537590980529837,6.869118078611791e-05
76.64574615478533,8.076525688171444,0.000148728460771963
76.64574615478533,8.21655300336012,0.0001265647733816877
76.64574615478533,8.356580318548797,-2.9099783205310814e-06
76.64574615478533,8.496607633737474,0.00014458603982347995
76.64574615478533,8.636634948926151,0.0002857884392142296
76.64574615478533,8.776662264114828,-5.2477735152933747e-05
76.64574615478533,8.916689579303505,-0.00014800428471062332
76.64574615478533,9.05671689449218,0.00022294986410997808
76.64574615478533,9.196744209680856,0.00015196725144051015
76.64574615478533,9.336771524869532,0.00015234106103889644
76.64574615478533,9.47679884005821,0.00022476146114058793
76.64574615478533,9.616826155246889,
76.64574615478533,9.756853470435564,
76.64574615478533,9.89688078562424,0.00016436600708402693
76.64574615478533,10.036908100812918,0.00034874406992457807
76.64574615478533,10.176935416001594,0.00022638899099547416
76.64574615478533,10.316962731190271,3.2996169466059655e-05
76.64574615478533,10.456990046378948,-0.0001044752134475857
76.64574615478533,10.597017361567625,0.0001347196812275797
76.64574615478533,10.737044676756302,-6.940415187273175e-05
76.64574615478533,10.877071991944977,0.0004186649457551539
76.64574615478533,11.017099307133654,0.0001046446050168015
76.64574615478533,11.15712662232233,0.00022316644026432186
76.64574615478533,11.297153937511007,-0.00016893820429686457
76.64574615478533,11.437181252699684,5.640231756842695e-05
76.64574615478533,11.57720856788836,0.0004200308758299798
76.64574615478533,11.717235883077038,
76.64574615478533,11.857263198265716,0.0002498802787158638
76.64574615478533,11.997290513454391,0.0002680643810890615
76.64574615478533,12.137317828643068,0.00017951834888663143
76.64574615478533,12.277345143831743,0.00015261568478308618
76.64574615478533,12.41737245902042,
76.64574615478533,12.5573997742091,
76.64574615478533,12.697427089397774,
76.64574615478533,12.837454404586452,
76.64574615478533,12.977481719775128,0.0002503803698346019
76.64574615478533,13.117509034963804,0.00019287165196146816
76.64574615478533,13.25753635015248,0.00029255327535793185
76.64574615478533,13.397563665341158,-4.0875497688830364e-06
76.64574615478533,13.537590980529837,2.0277666408219375e-05
76.78574615478533,8.076525688171444,
76.78574615478533,8.21655300336012,0.0001974982296815142
76.78574615478533,8.356580318548797,0.00022608446306549013
76.78574615478533,8.496607633737474,0.0003031371161341667
76.78574615478533,8.636634948926151,0.000152555265231058
76.78574615478533,8.776662264114828,0.00010955918696708977
76.78574615478533,8.916689579303505,0.00014965556329116225
76.78574615478533,9.05671689449218,
76.78574615478533,9.196744209680856,0.00017833206220529974
76.78574615478533,9.336771524869532,-8.533793879905716e-05
76.78574615478533,9.47679884005821,
76.78574615478533,9.616826155246889,0.00017901640967465937
76.78574615478533,9.756853470435564,
76.78574615478533,9.89688078562424,5.246280488790944e-05
76.78574615478533,10.036908100812918,6.936495992704295e-06
76.78574615478533,10.176935416001594,
76.78574615478533,10.316962731190271,
76.78574615478533,10.456990046378948,0.00043715344509109855
76.78574615478533,10.597017361567625,-4.52653257525526e-05
76.78574615478533,10.737044676756302,0.00022721942514181137
76.78574615478533,10.877071991944977,1.488255657022819e-05
76.78574615478533,11.017099307133654,0.0001359843008685857
76.78574615478533,11.15712662232233,-0.000135589245473966
76.78574615478533,11.297153937511007,8.301959155687655e-07
76.78574615478533,11.437181252699684,0.00023069318558555096
76.78574615478533,11.57720856788836,0.00021831119374837726
76.78574615478533,11.717235883077038,-0.00012600394256878644
76.78574615478533,11.857263198265716,
76.78574615478533,11.997290513454391,0.00017136248061433434
76.78574615478533,12.137317828643068,
76.78574615478533,12.277345143831743,0.00013957243936602026
76.78574615478533,12.41737245902042,0.0001537855132482946
76.78574615478533,12.5573997742091,-9.518546903564129e-06
76.78574615478533,12.697427089397774,0.00011076773807872087
76.78574615478533,12.837454404586452,9.190940909320489e-05
76.78574615478533,12.977481719775128,8.153530507115647e-05
76.78574615478533,13.117509034963804,-7.064024248393252e-05
76.78574615478533,13.25753635015248,-6.464010948548093e-05
76.78574615478533,13.397563665341158,-2.0538131138891913e-05
76.78574615478533,13.537590980529837,4.8416113713756204e-05
76.92574615478533,8.076525688171444,0.000223798822844401
76.92574615478533,8.21655300336012,0.00010209412721451372
76.92574615478533,8.356580318548797,0.00013491479330696166
76.92574615478533,8.496607633737474,
76.92574615478533,8.636634948926151,
76.92574615478533,8.776662264114828,9.208253322867677e-05
76.92574615478533,8.916689579303505,0.0002634729025885463
76.92574615478533,9.05671689449218,0.0002573378151282668
76.92574615478533,9.196744209680856,4.407614687806927e-05
76.92574615478533,9.336771524869532,0.00013162282994017005
76.92574615478533,9.47679884005821,-3.879165888065472e-05
76.92574615478533,9.616826155246889,9.254430915461853e-05
76.92574615478533,9.756853470435564,0.000262163404840976
76.92574615478533,9.89688078562424,-1.7704840502119623e-05
76.92574615478533,10.036908100812918,
76.92574615478533,10.176935416001594,0.00019801699090749025
76.92574615478533,10.316962731190271,0.00014024096890352666
76.92574615478533,10.456990046378948,2.0891904568998143e-05
76.92574615478533,10.597017361567625,0.0002581035369075835
76.92574615478533,10.737044676756302,0.00033293230808340013
76.92574615478533,10.877071991944977,
76.92574615478533,11.017099307133654,8.433980838162825e-05
76.92574615478533,11.15712662232233,0.00019637080549728125
76.92574615478533,11.297153937511007,0.00018471947987563908
76.92574615478533,11.437181252699684,0.00015298734069801867
76.92574615478533,11.57720856788836,0.003300809534266591
76.92574615478533,11.717235883077038,0.00016657309606671333
76.92574615478533,11.857263198265716,
76.92574615478533,11.997290513454391,0.00020275446877349168
76.92574615478533,12.137317828643068,
76.92574615478533,12.277345143831743,
76.92574615478533,12.41737245902042,0.00016698795661795884
76.92574615478533,12.5573997742091,
76.92574615478533,12.697427089397774,0.00010338913853047416
76.92574615478533,12.837454404586452,9.487067291047424e-05
76.92574615478533,12.977481719775128,0.000130682805320248
76.92574615478533,13.117509034963804,0.0002152807282982394
76.92574615478533,13.25753635015248,0.00012705271365121007
76.92574615478533,13.397563665341158,0.00016975133621599525
76.92574615478533,13.537590980529837,0.00012971038813702762
77.06574615478533,8.076525688171444,0.00016920392226893455
77.06574615478533,8.21655300336012,0.00030476730898953974
77.06574615478533,8.356580318548797,7.623371493536979e-05
77.06574615478533,8.496607633737474,0.0003389609919395298
77.06574615478533,8.636634948926151,0.0001460368512198329
77.06574615478533,8.776662264114828,-9.465044422540814e-05
77.06574615478533,8.916689579303505,0.00018865968741010875
77.06574615478533,9.05671689449218,0.00016652533668093383
77.06574615478533,9.196744209680856,-0.00020423931709956378
77.06574615478533,9.336771524869532,9.394955122843385e-05
77.06574615478533,9.47679884005821,0.00010462286445545033
77.06574615478533,9.616826155246889,
77.06574615478533,9.756853470435564,-0.0001389746175846085
77.06574615478533,9.89688078562424,0.00025704409927129745
77.06574615478533,10.036908100812918,5.995971514494158e-05
77.06574615478533,10.176935416001594,
77.06574615478533,10.316962731190271,1.3597119504993316e-05
77.06574615478533,10.456990046378948,-7.9699175330461e-06
77.06574615478533,10.597017361567625,-0.00010814731649588794
77.06574615478533,10.737044676756302,0.00016409254749305546
77.06574615478533,10.877071991944977,3.038320028281305e-05
77.06574615478533,11.017099307133654,8.959579281508923e-05
77.06574615478533,11.15712662232233,6.990642577875406e-05
77.06574615478533,11.297153937511007,4.456064198166132e-05
77.06574615478533,11.437181252699684,0.00012494718248490244
77.06574615478533,11.57720856788836,0.00013059074990451336
77.06574615478533,11.717235883077038,0.00011277965677436441
77.06574615478533,11.857263198265716,0.0002105875319102779
77.06574615478533,11.997290513454391,0.00047508347779512405
77.06574615478533,12.137317828643068,0.00036014558281749487
77.06574615478533,12.277345143831743,0.00032461932278238237
77.06574615478533,12.41737245902042,0.0002756222093012184
77.06574615478533,12.5573997742091,0.00015722971875220537
77.06574615478533,12.697427089397774,9.004240564536303e-05
77.06574615478533,12.837454404586452,
77.06574615478533,12.977481719775128,2.97877468256047e-05
77.06574615478533,13.117509034963804,3.2807922252686694e-05
77.06574615478533,13.25753635015248,0.00024438207037746906
77.06574615478533,13.397563665341158,0.00029985769651830196
77.06574615478533,13.537590980529837,0.00023029324074741453
77.20574615478533,8.076525688171444,0.0002834355109371245
77.20574615478533,8.21655300336012,-6.130374094936997e-05
77.20574615478533,8.356580318548797,-3.136356099275872e-05
77.20574615478533,8.496607633737474,0.00025032280245795846
77.20574615478533,8.636634948926151,8.395881741307676e-05
77.20574615478533,8.776662264114828,-5.278475146042183e-05
77.20574615478533,8.916689579303505,0.00014651416859123856
77.20574615478533,9.05671689449218,0.0001656001404626295
77.20574615478533,9.196744209680856,0.00010382483014836907
77.20574615478533,9.336771524869532,0.00019054552831221372
77.20574615478533,9.47679884005821,-8.376242476515472e-06
77.20574615478533,9.616826155246889,0.00016419361054431647
77.20574615478533,9.756853470435564,0.00010806220234371722
77.20574615478533,9.89688078562424,-7.403820200124756e-05
77.20574615478533,10.036908100812918,-4.472629734664224e-05
77.20574615478533,10.176935416001594,0.0002599483705125749
77.20574615478533,10.316962731190271,5.375952605390921e-05
77.20574615478533,10.456990046378948,-0.00011750446719815955
77.20574615478533,10.597017361567625,0.0001464437518734485
77.20574615478533,10.737044676756302,9.098430746234953e-05
77.20574615478533,10.877071991944977,4.246418484399328e-06
77.20574615478533,11.017099307133654,9.252057498088107e-05
77.20574615478533,11.15712662232233,7.286388427019119e-05
77.20574615478533,11.297153937511007,
77.20574615478533,11.437181252699684,0.00020596255490090698
77.20574615478533,11.57720856788836,0.0006210988503880799
77.20574615478533,11.717235883077038,0.0001806316722650081
77.20574615478533,11.857263198265716,-6.578930879186373e-06
77.20574615478533,11.997290513454391,5.540107304113917e-05
77.20574615478533,12.137317828643068,-0.00013009052781853825
77.20574615478533,12.277345143831743,
77.20574615478533,12.41737245902042,0.00024088306236080825
77.20574615478533,12.5573997742091,
77.20574615478533,12.697427089397774,-0.00020322790078353137
77.20574615478533,12.837454404586452,0.00010939807543763891
77.20574615478533,12.977481719775128,
77.20574615478533,13.117509034963804,0.0002964411396533251
77.20574615478533,13.25753635015248,8.865740528563038e-05
77.20574615478533,13.397563665341158,
77.20574615478533,13.537590980529837,0.00013485021190717816
77.34574615478533,8.076525688171444,2.3296861400012858e-05
77.34574615478533,8.21655300336012,0.00036465763696469367
77.34574615478533,8.356580318548797,
77.34574615478533,8.496607633737474,0.00028329508495517075
77.34574615478533,8.636634948926151,7.246615859912708e-05
77.34574615478533,8.776662264114828,
77.34574615478533,8.916689579303505,5.205836714594625e-05
77.34574615478533,9.05671689449218,0.00028212228789925575
77.34574615478533,9.196744209680856,0.0001573795743752271
77.34574615478533,9.336771524869532,6.424265302484855e-05
77.34574615478533,9.47679884005821,
77.34574615478533,9.616826155246889,6.466288323281333e-05
77.34574615478533,9.756853470435564,0.00011790074495365843
77.34574615478533,9.89688078562424,0.000117026902444195
77.34574615478533,10.036908100812918,0.0003759812971111387
77.34574615478533,10.176935416001594,0.00044559870730154216
77.34574615478533,10.316962731190271,-5.368129495764151e-05
77.34574615478533,10.456990046378948,0.0001376838336000219
77.34574615478533,10.597017361567625,0.00043174735037609935
77.34574615478533,10.737044676756302,0.00028643946279771626
77.34574615478533,10.877071991944977,
77.34574615478533,11.017099307133654,-0.00010240609844913706
77.34574615478533,11.15712662232233,-6.175565090416058e-07
77.34574615478533,11.297153937511007,-2.485436743882019e-05
77.34574615478533,11.437181252699684,0.0004727888444904238
77.34574615478533,11.57720856788836,0.0001460825151298195
77.34574615478533,11.717235883077038,-2.7309022698318586e-05
77.34574615478533,11.857263198265716,0.0001666240714257583
77.34574615478533,11.997290513454391,7.351671229116619e-05
77.34574615478533,12.137317828643068,8.906975563149899e-05
77.34574615478533,12.277345143831743,0.00034050652175210416
77.34574615478533,12.41737245902042,
77.34574615478533,12.5573997742091,0.0003368933976162225
77.34574615478533,12.697427089397774,5.5334556236630306e-05
77.34574615478533,12.837454404586452,9.663146920502186e-05
77.34574615478533,12.977481719775128,2.5307851956313243e-06
77.34574615478533,13.117509034963804,
77.34574615478533,13.25753635015248,
77.34574615478533,13.397563665341158,
77.34574615478533,13.537590980529837,8.868154691299424e-05
77.48574615478533,8.076525688171444,6.181552453199401e-05
77.48574615478533,8.21655300336012,5.3645013394998387e-05
77.48574615478533,8.356580318548797,8.206947677535936e-05
77.48574615478533,8.496607633737474,0.00016827823128551245
77.48574615478533,8.636634948926151,
77.48574615478533,8.776662264114828,0.0001285452744923532
77.48574615478533,8.916689579303505,0.0002991943620145321
77.48574615478533,9.05671689449218,-1.7654936527833343e-05
77.48574615478533,9.196744209680856,0.00012062895257258788
77.48574615478533,9.336771524869532,
77.48574615478533,9.47679884005821,7.979305519256741e-05
77.48574615478533,9.616826155246889,-6.857808330096304e-05
77.48574615478533,9.756853470435564,0.00018383651331532747
77.48574615478533,9.89688078562424,0.00013320543803274632
77.48574615478533,10.036908100812918,-9.344480349682271e-05
77.48574615478533,10.176935416001594,0.00028040475444868207
77.48574615478533,10.316962731190271,
77.48574615478533,10.456990046378948,
77.48574615478533,10.597017361567625,3.171279968228191e-05
77.48574615478533,10.737044676756302,0.00019027212692890316
77.48574615478533,10.877071991944977,-0.00014137328253127635
77.48574615478533,11.017099307133654,-8.724768122192472e-06
77.48574615478533,11.15712662232233,3.6206118238624185e-05
77.48574615478533,11.297153937511007,0.00023755733855068684
77.48574615478533,11.437181252699684,5.817941200803034e-05
77.48574615478533,11.57720856788836,0.00015795645595062524
77.48574615478533,11.717235883077038,
77.48574615478533,11.857263198265716,9.571032569510862e-05
77.48574615478533,11.997290513454391,
77.48574615478533,12.137317828643068,6.0712278354912996e-05
77.48574615478533,12.277345143831743,
77.48574615478533,12.41737245902042,-7.290686335181817e-05
77.48574615478533,12.5573997742091,0.00018081396410707384
77.48574615478533,12.697427089397774,-0.00016736618999857455
77.48574615478533,12.837454404586452,
77.48574615478533,12.977481719775128,5.473578494274989e-05
77.48574615478533,13.117509034963804,
77.48574615478533,13.25753635015248,0.0002040041727013886
77.48574615478533,13.397563665341158,0.00010824154742294922
77.48574615478533,13.537590980529837,0.00032369125983677804
77.62574615478533,8.076525688171444,0.00014353857841342688
77.62574615478533,8.21655300336012,0.00017617382400203496
77.62574615478533,8.356580318548797,5.182795212022029e-05
77.62574615478533,8.496607633737474,-5.020436674385564e-06
77.62574615478533,8.636634948926151,1.747703572618775e-05
77.62574615478533,8.776662264114828,
77.62574615478533,8.916689579303505,0.0001678300031926483
77.62574615478533,9.05671689449218,0.00021137310250196606
77.62574615478533,9.196744209680856,0.00014510523760691285
77.62574615478533,9.336771524869532,0.0002303021465195343
77.62574615478533,9.47679884005821,0.00018562473997008055
77.62574615478533,9.616826155246889,2.0638699425035156e-05
77.62574615478533,9.756853470435564,0.00013767230848316103
77.62574615478533,9.89688078562424,
77.62574615478533,10.036908100812918,3.205183384125121e-05
77.62574615478533,10.176935416001594,8.892628102330491e-05
77.62574615478533,10.316962731190271,8.620820153737441e-05
77.62574615478533,10.456990046378948,8.160650031641126e-05
77.62574615478533,10.597017361567625,0.0001127161449403502
77.62574615478533,10.737044676756302,8.634308869659435e-06
77.62574615478533,10.877071991944977,0.00040857912972569466
77.62574615478533,11.017099307133654,-1.5652800357202068e-05
77.62574615478533,11.15712662232233,0.00015846230962779373
77.62574615478533,11.297153937511007,
77.62574615478533,11.437181252699684,0.00023900627274997532
77.62574615478533,11.57720856788836,9.484370093559846e-05
77.62574615478533,11.717235883077038,3.0153085390338674e-05
77.62574615478533,11.857263198265716,7.171656761784106e-05
77.62574615478533,11.997290513454391,0.00015442969743162394
77.62574615478533,12.137317828643068,0.0003127775271423161
77.62574615478533,12.277345143831743,0.0002698496973607689
77.62574615478533,12.41737245902042,
77.62574615478533,12.5573997742091,0.00018982494657393545
77.62574615478533,12.697427089397774,0.0001284391328226775
77.62574615478533,12.837454404586452,1.746932503010612e-05
77.62574615478533,12.977481719775128,-0.00019784130563493818
77.62574615478533,13.117509034963804,-0.00017460562230553478
77.62574615478533,13.25753635015248,
77.62574615478533,13.397563665341158,4.8381836677435786e-05
77.62574615478533,13.537590980529837,0.00021389490575529635
77.76574615478533,8.076525688171444,9.91036431514658e-05
77.76574615478533,8.21655300336012,7.562815881101415e-05
77.76574615478533,8.356580318548797,0.00010236701928079128
77.76574615478533,8.496607633737474,-2.777196277747862e-05
77.76574615478533,8.636634948926151,
77.76574615478533,8.776662264114828,0.0001519044890301302
77.76574615478533,8.916689579303505,2.4347213184228167e-05
77.76574615478533,9.05671689449218,
77.76574615478533,9.196744209680856,0.00010476721945451573
77.76574615478533,9.336771524869532,6.0071044572396204e-05
77.76574615478533,9.47679884005821,0.00017356261378154159
77.76574615478533,9.616826155246889,-4.425057704793289e-05
77.76574615478533,9.756853470435564,6.301217945292592e-05
77.76574615478533,9.89688078562424,4.370369788375683e-05
77.76574615478533,10.036908100812918,
77.76574615478533,10.176935416001594,1.2823965334973764e-05
77.76574615478533,10.316962731190271,1.7595291865291074e-05
77.76574615478533,10.456990046378948,7.405074575217441e-05
77.76574615478533,10.597017361567625,0.00033556317794136703
77.76574615478533,10.737044676756302,0.0001177382146124728
77.76574615478533,10.877071991944977,0.00015885033644735813
77.76574615478533,11.017099307133654,6.216709880391136e-05
77.76574615478533,11.15712662232233,
77.76574615478533,11.297153937511007,6.145088991615921e-05
77.76574615478533,11.437181252699684,0.00017603117157705128
77.76574615478533,11.57720856788836,2.6876992706093006e-05
77.76574615478533,11.717235883077038,
77.76574615478533,11.857263198265716,0.00020745907386299223
77.76574615478533,11.997290513454391,
77.76574615478533,12.137317828643068,
77.76574615478533,12.277345143831743,
77.76574615478533,12.41737245902042,0.00014718288730364293
77.76574615478533,12.5573997742091,-2.3055405108607374e-05
77.76574615478533,12.697427089397774,
77.76574615478533,12.837454404586452,0.00014695960271637887
77.76574615478533,12.977481719775128,0.0001326802303083241
77.76574615478533,13.117509034963804,0.00016552829765714705
77.76574615478533,13.25753635015248,0.00010055340680992231
77.76574615478533,13.397563665341158,-0.0001128200237872079
77.76574615478533,13.537590980529837,0.0001762350439094007
77.90574615478533,8.076525688171444,7.668927719350904e-05
77.90574615478533,8.21655300336012,5.64651309105102e-05
77.90574615478533,8.356580318548797,4.973211980541237e-05
77.90574615478533,8.496607633737474,
77.90574615478533,8.636634948926151,
77.90574615478533,8.776662264114828,0.0001507369161117822
77.90574615478533,8.916689579303505,-1.6678452084306628e-05
77.90574615478533,9.05671689449218,0.00011690307292155921
77.90574615478533,9.196744209680856,0.00022836726566310972
77.90574615478533,9.336771524869532,0.00022030061518307775
77.90574615478533,9.47679884005821,3.847132029477507e-05
77.90574615478533,9.616826155246889,4.405356594361365e-05
77.90574615478533,9.756853470435564,0.00010000023758038878
77.90574615478533,9.89688078562424,
77.90574615478533,10.036908100812918,-0.0001526459673186764
77.90574615478533,10.176935416001594,0.0003193186712451279
77.90574615478533,10.316962731190271,
77.90574615478533,10.456990046378948,9.422957373317331e-05
77.90574615478533,10.597017361567625,
77.90574615478533,10.737044676756302,-0.00015937173156999052
77.90574615478533,10.877071991944977,3.957753870054148e-05
77.90574615478533,11.017099307133654,8.571132639190182e-05
77.90574615478533,11.15712662232233,-6.364435103023425e-05
77.90574615478533,11.297153937511007,0.00018110735982190818
77.90574615478533,11.437181252699684,
77.90574615478533,11.57720856788836,2.829554614436347e-05
77.90574615478533,11.717235883077038,0.00010210877371719107
77.90574615478533,11.857263198265716,7.778829967719503e-06
77.90574615478533,11.997290513454391,0.000202914685360156
77.90574615478533,12.137317828643068,8.411324233748019e-05
77.90574615478533,12.277345143831743,2.9226333936094306e-05
77.90574615478533,12.41737245902042,0.00035060220398008823
77.90574615478533,12.5573997742091,0.00019804429030045867
77.90574615478533,12.697427089397774,0.00015697945491410792
77.90574615478533,12.837454404586452,5.853767288499512e-05
77.90574615478533,12.977481719775128,0.00013129827857483178
77.90574615478533,13.117509034963804,2.8689108148682863e-05
77.90574615478533,13.25753635015248,
77.90574615478533,13.397563665341158,0.000106517065432854
77.90574615478533,13.537590980529837,7.175924110924825e-05
78.04574615478533,8.076525688171444,0.00045106670586392283
78.04574615478533,8.21655300336012,0.00029446478583849967
78.04574615478533,8.356580318548797,7.42237753001973e-05
78.04574615478533,8.496607633737474,0.00036984914913773537
78.04574615478533,8.636634948926151,0.0001511516747996211
78.04574615478533,8.776662264114828,3.862682933686301e-05
78.04574615478533,8.916689579303505,6.938451406313106e-05
78.04574615478533,9.05671689449218,-6.42184168100357e-05
78.04574615478533,9.196744209680856,0.00041002946090884507
78.04574615478533,9.336771524869532,0.0002574682584963739
78.04574615478533,9.47679884005821,
78.04574615478533,9.616826155246889,
78.04574615478533,9.756853470435564,0.00010676748934201896
78.04574615478533,9.89688078562424,7.59852773626335e-05
78.04574615478533,10.036908100812918,6.027351628290489e-05
78.04574615478533,10.176935416001594,0.00022700217959936708
78.04574615478533,10.316962731190271,7.885281956987455e-05
78.04574615478533,10.456990046378948,1.6368408978451043e-05
78.04574615478533,10.597017361567625,3.9225116779562086e-05
78.04574615478533,10.737044676756302,0.00010055092570837587
78.04574615478533,10.877071991944977,0.00012902585149277002
78.04574615478533,11.017099307133654,0.00025673414347693324
78.04574615478533,11.15712662232233,0.00014066140283830464
78.04574615478533,11.297153937511007,0.00021311566524673253
78.04574615478533,11.437181252699684,
78.04574615478533,11.57720856788836,1.7982431018026546e-05
78.04574615478533,11.717235883077038,0.00017558812396600842
78.04574615478533,11.857263198265716,0.00034437194699421525
78.04574615478533,11.997290513454391,0.0001559020602144301
78.04574615478533,12.137317828643068,0.00022288745094556361
78.04574615478533,12.277345143831743,0.00016965455142781138
78.04574615478533,12.41737245902042,0.0002227695076726377
78.04574615478533,12.5573997742091,-0.00011880679085152224
78.04574615478533,12.697427089397774,-7.701596041442826e-05
78.04574615478533,12.837454404586452,-8.975038099379162e-07
78.04574615478533,12.977481719775128,6.61257145111449e-05
78.04574615478533,13.117509034963804,3.4688611776800826e-05
78.04574615478533,13.25753635015248,-1.4857541827950627e-05
78.04574615478533,13.397563665341158,0.00028355239192023873
78.04574615478533,13.537590980529837,-8.670632269058842e-06
78.18574615478533,8.076525688171444,7.043964433250949e-05
78.18574615478533,8.21655300336012,9.731444879435003e-05
78.18574615478533,8.356580318548797,8.218052971642464e-05
78.18574615478533,8.496607633737474,0.0004929580609314144
78.18574615478533,8.636634948926151,0.000135456386487931
78.18574615478533,8.776662264114828,-0.00019007801893167198
78.18574615478533,8.916689579303505,0.00021229605772532523
78.18574615478533,9.05671689449218,-4.161187098361552e-05
78.18574615478533,9.196744209680856,
78.18574615478533,9.336771524869532,-4.106685446458869e-05
78.18574615478533,9.47679884005821,-8.778029587119818e-05
78.18574615478533,9.616826155246889,-4.519440699368715e-05
78.18574615478533,9.756853470435564,-2.9957971491967328e-05
78.18574615478533,9.89688078562424,
78.18574615478533,10.036908100812918,0.0011807905975729227
78.18574615478533,10.176935416001594,
78.18574615478533,10.316962731190271,-7.794892735546455e-05
78.18574615478533,10.456990046378948,0.00010497705807210878
78.18574615478533,10.597017361567625,
78.18574615478533,10.737044676756302,8.915616490412503e-05
78.18574615478533,10.877071991944977,3.513819683576003e-05
78.18574615478533,11.017099307133654,
78.18574615478533,11.15712662232233,1.4021767128724605e-05
78.18574615478533,11.297153937511007,8.218001312343404e-05
78.18574615478533,11.437181252699684,0.00012595654698088765
78.18574615478533,11.57720856788836,0.000263203022768721
78.18574615478533,11.717235883077038,0.00016752560622990131
78.18574615478533,11.857263198265716,6.795555123062513e-07
78.18574615478533,11.997290513454391,
78.18574615478533,12.137317828643068,0.00029842814547009766
78.18574615478533,12.277345143831743,-5.808411515317857e-05
78.18574615478533,12.41737245902042,-2.818788016156759e-05
78.18574615478533,12.5573997742091,0.0002281361084897071
78.18574615478533,12.697427089397774,0.00026242106105200946
78.18574615478533,12.837454404586452,0.000291111646220088
78.18574615478533,12.977481719775128,1.981697823794093e-05
78.18574615478533,13.117509034963804,0.0002268721436848864
78.18574615478533,13.25753635015248,9.378628601552919e-05
78.18574615478533,13.397563665341158,0.00032319457386620343
78.18574615478533,13.537590980529837,0.00012582125782500952
78.32574615478534,8.076525688171444,0.0004221215203870088
78.32574615478534,8.21655300336012,8.013866136025172e-06
78.32574615478534,8.356580318548797,
78.32574615478534,8.496607633737474,0.00016097155457828194
78.32574615478534,8.636634948926151,0.0002984818711411208
78.32574615478534,8.776662264114828,0.00025782739976421
78.32574615478534,8.916689579303505,6.593993020942435e-05
78.32574615478534,9.05671689449218,-8.310858538607135e-05
78.32574615478534,9.196744209680856,9.531696559861302e-05
78.32574615478534,9.336771524869532,
78.32574615478534,9.47679884005821,0.00011662039469229057
78.32574615478534,9.616826155246889,0.00010700077109504491
78.32574615478534,9.756853470435564,6.452068919315934e-05
78.32574615478534,9.89688078562424,0.00042957867844961584
78.32574615478534,10.036908100812918,0.00014724850188940763
78.32574615478534,10.176935416001594,
78.32574615478534,10.316962731190271,0.0003519449383020401
78.32574615478534,10.456990046378948,0.0001891868159873411
78.32574615478534,10.597017361567625,2.0387498807394877e-05
78.32574615478534,10.737044676756302,5.532863360713236e-05
78.32574615478534,10.877071991944977,0.00024084257893264294
78.32574615478534,11.017099307133654,6.820946873631328e-05
78.32574615478534,11.15712662232233,0.00013937657058704644
78.32574615478534,11.297153937511007,0.00021020916756242514
78.32574615478534,11.437181252699684,0.0003582410281524062
78.32574615478534,11.57720856788836,0.00015255247126333416
78.32574615478534,11.717235883077038,1.579571471665986e-05
78.32574615478534,11.857263198265716,
78.32574615478534,11.997290513454391,0.00023869099095463753
78.32574615478534,12.137317828643068,
78.32574615478534,12.277345143831743,0.00013169999874662608
78.32574615478534,12.41737245902042,
78.32574615478534,12.5573997742091,
78.32574615478534,12.697427089397774,-2.8662727345363237e-05
78.32574615478534,12.837454404586452,9.425047028344125e-05
78.32574615478534,12.977481719775128,1.0411568837298546e-05
78.32574615478534,13.117509034963804,0.00015929040091577917
78.32574615478534,13.25753635015248,3.020132498932071e-05
78.32574615478534,13.397563665341158,
78.32574615478534,13.537590980529837,0.00020032183965668082
78.46574615478534,8.076525688171444,4.175778303761035e-05
78.46574615478534,8.21655300336012,
78.46574615478534,8.356580318548797,0.0004600506217684597
78.46574615478534,8.496607633737474,0.00013560816296376288
78.46574615478534,8.636634948926151,0.00010537577327340841
78.46574615478534,8.776662264114828,0.00038706944906152785
78.46574615478534,8.916689579303505,5.562289516092278e-05
78.46574615478534,9.05671689449218,
78.46574615478534,9.196744209680856,9.99571057036519e-05
78.46574615478534,9.336771524869532,
78.46574615478534,9.47679884005821,
78.46574615478534,9.616826155246889,
78.46574615478534,9.756853470435564,8.877651998773217e-05
78.46574615478534,9.89688078562424,0.00018916127737611532
78.46574615478534,10.036908100812918,
78.46574615478534,10.176935416001594,0.00027230201521888375
78.46574615478534,10.316962731190271,8.565725147491321e-05
78.46574615478534,10.456990046378948,0.00011995274689979851
78.46574615478534,10.597017361567625,1.8970615201396868e-05
78.46574615478534,10.737044676756302,
78.46574615478534,10.877071991944977,0.00017200206639245152
78.46574615478534,11.017099307133654,-0.00010351663513574749
78.46574615478534,11.15712662232233,
78.46574615478534,11.297153937511007,8.033354970393702e-05
78.46574615478534,11.437181252699684,0.0001501187216490507
78.46574615478534,11.57720856788836,-7.574231517537555e-07
78.46574615478534,11.717235883077038,0.00010351721721235663
78.46574615478534,11.857263198265716,7.460700726369396e-05
78.46574615478534,11.997290513454391,0.00011020559031749144
78.46574615478534,12.137317828643068,
78.46574615478534,12.277345143831743,9.907536150421947e-05
78.46574615478534,12.41737245902042,0.00011121601710328832
78.46574615478534,12.5573997742091,0.00019552338926587254
78.46574615478534,12.697427089397774,0.00010099408973474056
78.46574615478534,12.837454404586452,0.0001023065487970598
78.46574615478534,12.977481719775128,6.097238656366244e-05
78.46574615478534,13.117509034963804,-9.428172052139416e-05
78.46574615478534,13.25753635015248,2.962136932183057e-05
78.46574615478534,13.397563665341158,-0.0001424535148544237
78.46574615478534,13.537590980529837,
78.60574615478534,8.076525688171444,
78.60574615478534,8.21655300336012,-4.6233526518335566e-05
78.60574615478534,8.356580318548797,0.0003539828467182815
78.60574615478534,8.496607633737474,
78.60574615478534,8.636634948926151,0.0003841867728624493
78.60574615478534,8.776662264114828,0.00024458629195578396
78.60574615478534,8.916689579303505,8.988889021566138e-05
78.60574615478534,9.05671689449218,
78.60574615478534,9.196744209680856,1.0573889994702768e-06
78.60574615478534,9.336771524869532,
78.60574615478534,9.47679884005821,0.00016071628488134593
78.60574615478534,9.616826155246889,-7.084420940373093e-05
78.60574615478534,9.756853470435564,1.643924588279333e-05
78.60574615478534,9.89688078562424,-7.580654710181989e-06
78.60574615478534,10.036908100812918,0.00010919522173935547
78.60574615478534,10.176935416001594,
78.60574615478534,10.316962731190271,
78.60574615478534,10.456990046378948,-4.957060082233511e-05
78.60574615478534,10.597017361567625,2.383153696428053e-05
78.60574615478534,10.737044676756302,7.806036592228338e-05
78.60574615478534,10.877071991944977,0.0001868893305072561
78.60574615478534,11.017099307133654,
78.60574615478534,11.15712662232233,-0.0001500167272752151
78.60574615478534,11.297153937511007,-8.927161252358928e-05
78.60574615478534,11.437181252699684,0.00039323358214460313
78.60574615478534,11.57720856788836,8.146178151946515e-05
78.60574615478534,11.717235883077038,0.00029132349300198257
78.60574615478534,11.857263198265716,
78.60574615478534,11.997290513454391,0.000102683283330407
78.60574615478534,12.137317828643068,0.0003015604743268341
78.60574615478534,12.277345143831743,-7.648398604942486e-05
78.60574615478534,12.41737245902042,0.00011462853581178933
78.60574615478534,12.5573997742091,3.705525887198746e-05
78.60574615478534,12.697427089397774,
78.60574615478534,12.837454404586452,0.00010298130655428395
78.60574615478534,12.977481719775128,8.435913332505152e-05
78.60574615478534,13.117509034963804,0.00021064745669718832
78.60574615478534,13.25753635015248,-2.9930972232250497e-05
78.60574615478534,13.397563665341158,0.0001568073930684477
78.60574615478534,13.537590980529837,0.0001753928663674742
78.74574615478534,8.076525688171444,0.00012389710173010826
78.74574615478534,8.21655300336012,-4.5953536755405366e-05
78.74574615478534,8.356580318548797,
78.74574615478534,8.496607633737474,0.0002980093995574862
78.74574615478534,8.636634948926151,0.00020212137314956635
78.74574615478534,8.776662264114828,0.00016505141684319824
78.74574615478534,8.916689579303505,0.0004509646096266806
78.74574615478534,9.05671689449218,
78.74574615478534,9.196744209680856,
78.74574615478534,9.336771524869532,0.0001714198588160798
78.74574615478534,9.47679884005821,8.449696906609461e-05
78.74574615478534,9.616826155246889,0.0001568626321386546
78.74574615478534,9.756853470435564,
78.74574615478534,9.89688078562424,0.00010018069588113576
78.74574615478534,10.036908100812918,0.00017343508079648018
78.74574615478534,10.176935416001594,
78.74574615478534,10.316962731190271,0.00017818610649555922
78.74574615478534,10.456990046378948,6.16985562373884e-05
78.74574615478534,10.597017361567625,-7.596149953315035e-05
78.74574615478534,10.737044676756302,-4.5031498302705586e-05
78.74574615478534,10.877071991944977,0.0002682321355678141
78.74574615478534,11.017099307133654,6.162067438708618e-05
78.74574615478534,11.15712662232233,-0.00011882675607921556
78.74574615478534,11.297153937511007,0.00021352856128942221
78.74574615478534,11.437181252699684,0.0001159040184575133
78.74574615478534,11.57720856788836,7.35672483642702e-06
78.74574615478534,11.717235883077038,
78.74574615478534,11.857263198265716,0.00014343536167871207
78.74574615478534,11.997290513454391,-6.753532215952873e-05
78.74574615478534,12.137317828643068,0.00013148209836799651
78.74574615478534,12.277345143831743,
78.74574615478534,12.41737245902042,0.00023077793593984097
78.74574615478534,12.5573997742091,1.981697823794093e-05
78.74574615478534,12.697427089397774,0.00014627572090830654
78.74574615478534,12.837454404586452,0.00033144501503556967
78.74574615478534,12.977481719775128,0.00012193192378617823
78.74574615478534,13.117509034963804,0.00011151828221045434
78.74574615478534,13.25753635015248,0.00022910168627277017
78.74574615478534,13.397563665341158,0.0003547414089553058
78.74574615478534,13.537590980529837,0.00015334211639128625
78.88574615478534,8.076525688171444,6.59789438941516e-05
78.88574615478534,8.21655300336012,-0.00011226710194023326
78.88574615478534,8.356580318548797,
78.88574615478534,8.496607633737474,0.0005014308262616396
78.88574615478534,8.636634948926151,0.00042280496563762426
78.88574615478534,8.776662264114828,0.00028160811052657664
78.88574615478534,8.916689579303505,7.709127385169268e-05
78.88574615478534,9.05671689449218,0.00033331397571600974
78.88574615478534,9.196744209680856,0.0002522612048778683
78.88574615478534,9.336771524869532,
78.88574615478534,9.47679884005821,2.9880580768804066e-05
78.88574615478534,9.616826155246889,8.645409980090335e-05
78.88574615478534,9.756853470435564,0.0001738661521812901
78.88574615478534,9.89688078562424,
78.88574615478534,10.036908100812918,0.00010684852168196812
78.88574615478534,10.176935416001594,-4.82000905321911e-05
78.88574615478534,10.316962731190271,1.7300737454206683e-05
78.88574615478534,10.456990046378948,0.00017051195027306676
78.88574615478534,10.597017361567625,0.00015633480506949127
78.88574615478534,10.737044676756302,0.00037163635715842247
78.88574615478534,10.877071991944977,
78.88574615478534,11.017099307133654,0.0003582410281524062
78.88574615478534,11.15712662232233,2.378575800321414e-06
78.88574615478534,11.297153937511007,0.0001291789230890572
78.88574615478534,11.437181252699684,1.670284109422937e-05
78.88574615478534,11.57720856788836,-3.833455775748007e-05
78.88574615478534,11.717235883077038,0.00015875302779022604
78.88574615478534,11.857263198265716,
78.88574615478534,11.997290513454391,-0.00010742279118858278
78.88574615478534,12.137317828643068,7.880914381530602e-06
78.88574615478534,12.277345143831743,1.6988313291221857e-05
78.88574615478534,12.41737245902042,-5.76130514673423e-06
78.88574615478534,12.5573997742091,7.758600986562669e-05
78.88574615478534,12.697427089397774,0.00040687283035367727
78.88574615478534,12.837454404586452,
78.88574615478534,12.977481719775128,0.00012616426101885736
78.88574615478534,13.117509034963804,0.0003809529298450798
78.88574615478534,13.25753635015248,
78.88574615478534,13.397563665341158,0.00020564277656376362
78.88574615478534,13.537590980529837,0.00010578345245448872
79.02574615478534,8.076525688171444,
79.02574615478534,8.21655300336012,0.000594739627558738
79.02574615478534,8.356580318548797,7.994558109203354e-05
79.02574615478534,8.496607633737474,0.00020568557374645025
79.02574615478534,8.636634948926151,
79.02574615478534,8.776662264114828,0.00015419346163980663
79.02574615478534,8.916689579303505,-5.563674494624138e-05
79.02574615478534,9.05671689449218,0.0002768003905657679
79.02574615478534,9.196744209680856,6.342756387311965e-05
79.02574615478534,9.336771524869532,0.0003063595504499972
79.02574615478534,9.47679884005821,
79.02574615478534,9.616826155246889,-1.5000573512224946e-05
79.02574615478534,9.756853470435564,
79.02574615478534,9.89688078562424,0.0002991821966134012
79.02574615478534,10.036908100812918,
79.02574615478534,10.176935416001594,0.00029062776593491435
79.02574615478534,10.316962731190271,3.3554395486135036e-05
79.02574615478534,10.456990046378948,0.00035812577698379755
79.02574615478534,10.597017361567625,8.441287354798988e-05
79.02574615478534,10.737044676756302,0.0001409430697094649
79.02574615478534,10.877071991944977,
79.02574615478534,11.017099307133654,0.00015770801110193133
79.02574615478534,11.15712662232233,9.058265277417377e-05
79.02574615478534,11.297153937511007,1.3994565051689278e-05
79.02574615478534,11.437181252699684,0.0001500248326919973
79.02574615478534,11.57720856788836,0.0002894476056098938
79.02574615478534,11.717235883077038,0.0002737438480835408
79.02574615478534,11.857263198265716,0.00014523912977892905
79.02574615478534,11.997290513454391,2.6585794330458157e-05
79.02574615478534,12.137317828643068,
79.02574615478534,12.277345143831743,7.104007090674713e-05
79.02574615478534,12.41737245902042,
79.02574615478534,12.5573997742091,5.9188369050389156e-05
79.02574615478534,12.697427089397774,-4.817490844288841e-05
79.02574615478534,12.837454404586452,0.00014068238670006394
79.02574615478534,12.977481719775128,2.3403819795930758e-05
79.02574615478534,13.117509034963804,
79.02574615478534,13.25753635015248,9.482425230089575e-05
79.02574615478534,13.397563665341158,0.0001369593373965472
79.02574615478534,13.537590980529837,-0.0001737799757393077
79.16574615478534,8.076525688171444,0.0001444895751774311
79.16574615478534,8.21655300336012,0.0006312799523584545
79.16574615478534,8.356580318548797,0.00033686033566482365
79.16574615478534,8.496607633737474,0.00012388521281536669
79.16574615478534,8.636634948926151,
79.16574615478534,8.776662264114828,0.00027036192477680743
79.16574615478534,8.916689579303505,0.00022702764545101672
79.16574615478534,9.05671689449218,
79.16574615478534,9.196744209680856,0.00030046747997403145
79.16574615478534,9.336771524869532,0.0001473722659284249
79.16574615478534,9.47679884005821,0.00011320070916553959
79.16574615478534,9.616826155246889,0.0001591876643942669
79.16574615478534,9.756853470435564,
79.16574615478534,9.89688078562424,0.00022891037224326283
79.16574615478534,10.036908100812918,0.00018482650921214372
79.16574615478534,10.176935416001594,
79.16574615478534,10.316962731190271,-8.393293683184311e-05
79.16574615478534,10.456990046378948,0.0001459311752114445
79.16574615478534,10.597017361567625,-7.936151632748079e-06
79.16574615478534,10.737044676756302,5.710289769922383e-05
79.16574615478534,10.877071991944977,
79.16574615478534,11.017099307133654,0.0001437520404579118
79.16574615478534,11.15712662232233,0.00014861569798085839
79.16574615478534,11.297153937511007,-7.583372644148767e-05
79.16574615478534,11.437181252699684,
79.16574615478534,11.57720856788836,-0.00017184529860969633
79.16574615478534,11.717235883077038,5.709919150831411e-06
79.16574615478534,11.857263198265716,0.00012752486509270966
79.16574615478534,11.997290513454391,0.0003017204871866852
79.16574615478534,12.137317828643068,0.0005033083725720644
79.16574615478534,12.277345143831743,
79.16574615478534,12.41737245902042,0.0001292599190492183
79.16574615478534,12.5573997742091,0.0005880477256141603
79.16574615478534,12.697427089397774,0.00010761975863715634
79.16574615478534,12.837454404586452,0.00023924019478727132
79.16574615478534,12.977481719775128,9.93883513729088e-05
79.16574615478534,13.117509034963804,5.258297096588649e-05
79.16574615478534,13.25753635015248,0.00021709526481572539
79.16574615478534,13.397563665341158,1.2943439742230112e-06
79.16574615478534,13.537590980529837,0.0001907342957565561
79.30574615478534,8.076525688171444,
79.30574615478534,8.21655300336012,9.769736061571166e-05
79.30574615478534,8.356580318548797,0.00015790664474479854
79.30574615478534,8.496607633737474,0.00028611981542780995
79.30574615478534,8.636634948926151,2.7065787435276434e-05
79.30574615478534,8.776662264114828,
79.30574615478534,8.916689579303505,
79.30574615478534,9.05671689449218,0.0001074032043106854
79.30574615478534,9.196744209680856,0.00012919737491756678
79.30574615478534,9.336771524869532,7.293771341210231e-05
79.30574615478534,9.47679884005821,
79.30574615478534,9.616826155246889,0.00013242931163404137
79.30574615478534,9.756853470435564,2.2056694433558732e-05
79.30574615478534,9.89688078562424,-0.00019207008881494403
79.30574615478534,10.036908100812918,-9.555659926263615e-05
79.30574615478534,10.176935416001594,0.00024780939565971494
79.30574615478534,10.316962731190271,8.901351975509897e-05
79.30574615478534,10.456990046378948,-4.439547410584055e-06
79.30574615478534,10.597017361567625,0.00027068803319707513
79.30574615478534,10.737044676756302,
79.30574615478534,10.877071991944977,-3.6564739275490865e-05
79.30574615478534,11.017099307133654,4.319826985010877e-05
79.30574615478534,11.15712662232233,-8.005287236301228e-05
79.30574615478534,11.297153937511007,9.524988854536787e-05
79.30574615478534,11.437181252699684,0.00017344266234431416
79.30574615478534,11.57720856788836,0.0003169942647218704
79.30574615478534,11.717235883077038,2.8814032702939585e-05
79.30574615478534,11.857263198265716,6.420716999855358e-06
79.30574615478534,11.997290513454391,0.00025820074370130897
79.30574615478534,12.137317828643068,0.0003379986737854779
79.30574615478534,12.277345143831743,6.860250869067386e-05
79.30574615478534,12.41737245902042,0.0002340686332900077
79.30574615478534,12.5573997742091,0.00011945777805522084
79.30574615478534,12.697427089397774,0.00019887549569830298
79.30574615478534,12.837454404586452,0.0003483083564788103
79.30574615478534,12.977481719775128,6.041665983502753e-05
79.30574615478534,13.117509034963804,-1.1432622386564617e-06
79.30574615478534,13.25753635015248,0.00010454122821101919
79.30574615478534,13.397563665341158,
79.30574615478534,13.537590980529837,4.357788566267118e-05
79.44574615478534,8.076525688171444,6.346833833958954e-05
79.44574615478534,8.21655300336012,0.00019715727830771357
79.44574615478534,8.356580318548797,2.426096580165904e-05
79.44574615478534,8.496607633737474,
79.44574615478534,8.636634948926151,-7.986144919414073e-05
79.44574615478534,8.776662264114828,0.00011158924462506548
79.44574615478534,8.916689579303505,
79.44574615478534,9.05671689449218,1.4243666555557866e-05
79.44574615478534,9.196744209680856,-5.0893508159788325e-05
79.44574615478534,9.336771524869532,2.7808644517790526e-05
79.44574615478534,9.47679884005821,-0.00018792062473949045
79.44574615478534,9.616826155246889,-2.87307830149075e-05
79.44574615478534,9.756853470435564,0.0001244100567419082
79.44574615478534,9.89688078562424,-0.00012689568393398076
79.44574615478534,10.036908100812918,0.0001856208109529689
79.44574615478534,10.176935416001594,-0.00015644231461919844
79.44574615478534,10.316962731190271,5.848383443662897e-05
79.44574615478534,10.456990046378948,-6.640269566560164e-05
79.44574615478534,10.597017361567625,
79.44574615478534,10.737044676756302,0.0003143195644952357
79.44574615478534,10.877071991944977,-4.429825821716804e-06
79.44574615478534,11.017099307133654,0.00026648383936844766
79.44574615478534,11.15712662232233,-2.2391861875803443e-06
79.44574615478534,11.297153937511007,0.00012572020932566375
79.44574615478534,11.437181252699684,9.907536150421947e-05
79.44574615478534,11.57720856788836,
79.44574615478534,11.717235883077038,0.00035884164390154183
79.44574615478534,11.857263198265716,0.000125017439131625
79.44574615478534,11.997290513454391,6.7193682298238855e-06
79.44574615478534,12.137317828643068,
79.44574615478534,12.277345143831743,0.0003379898553248495
79.44574615478534,12.41737245902042,0.00025912397541105747
79.44574615478534,12.5573997742091,0.00015914473624434322
79.44574615478534,12.697427089397774,
79.44574615478534,12.837454404586452,0.00012054138642270118
79.44574615478534,12.977481719775128,7.11220782250166e-05
79.44574615478534,13.117509034963804,
79.44574615478534,13.25753635015248,
79.44574615478534,13.397563665341158,
79.44574615478534,13.537590980529837,0.00034883961779996753
79.58574615478534,8.076525688171444,
79.58574615478534,8.21655300336012,0.0001913697342388332
79.58574615478534,8.356580318548797,
79.58574615478534,8.496607633737474,0.00015277085185516626
79.58574615478534,8.636634948926151,
79.58574615478534,8.776662264114828,
79.58574615478534,8.916689579303505,0.00017467897851020098
79.58574615478534,9.05671689449218,0.0001811753463698551
79.58574615478534,9.196744209680856,-9.839230915531516e-05
79.58574615478534,9.336771524869532,0.00016788062930572778
79.58574615478534,9.47679884005821,0.00011694442946463823
79.58574615478534,9.616826155246889,0.0001420534827047959
79.58574615478534,9.756853470435564,2.802096241794061e-05
79.58574615478534,9.89688078562424,
79.58574615478534,10.036908100812918,0.00019411624816711992
79.58574615478534,10.176935416001594,0.00013223917630966753
79.58574615478534,10.316962731190271,0.0002048536844085902
79.58574615478534,10.456990046378948,0.0002283726935274899
79.58574615478534,10.597017361567625,0.00020819151541218162
79.58574615478534,10.737044676756302,0.000388510205084458
79.58574615478534,10.877071991944977,
79.58574615478534,11.017099307133654,3.4499953471822664e-05
79.58574615478534,11.15712662232233,8.909645111998543e-05
79.58574615478534,11.297153937511007,-4.9042577302316204e-05
79.58574615478534,11.437181252699684,
79.58574615478534,11.57720856788836,
79.58574615478534,11.717235883077038,8.202764001907781e-05
79.58574615478534,11.857263198265716,3.0376830181921832e-05
79.58574615478534,11.997290513454391,
79.58574615478534,12.137317828643068,0.00017956634110305458
79.58574615478534,12.277345143831743,
79.58574615478534,12.41737245902042,1.834469185268972e-05
79.58574615478534,12.5573997742091,4.7183850256260484e-05
79.58574615478534,12.697427089397774,0.0002600439765956253
79.58574615478534,12.837454404586452,-1.0979078979289625e-05
79.58574615478534,12.977481719775128,5.37354608241003e-05
79.58574615478534,13.117509034963804,0.0006629726849496365
79.58574615478534,13.25753635015248,0.00032119639217853546
79.58574615478534,13.397563665341158,
79.58574615478534,13.537590980529837,
79.72574615478534,8.076525688171444,0.00015058793360367417
79.72574615478534,8.21655300336012,
79.72574615478534,8.356580318548797,0.00012535321002360433
79.72574615478534,8.496607633737474,
79.72574615478534,8.636634948926151,
79.72574615478534,8.776662264114828,
79.72574615478534,8.916689579303505,
79.72574615478534,9.05671689449218,0.00021849377662874758
79.72574615478534,9.196744209680856,-1.995308593905065e-06
79.72574615478534,9.336771524869532,8.838687062961981e-05
79.72574615478534,9.47679884005821,2.979382043122314e-05
79.72574615478534,9.616826155246889,
79.72574615478534,9.756853470435564,0.00010292815568391234
79.72574615478534,9.89688078562424,0.00017773547733668238
79.72574615478534,10.036908100812918,6.0013138863723725e-05
79.72574615478534,10.176935416001594,7.007039675954729e-05
79.72574615478534,10.316962731190271,0.00019140567746944726
79.72574615478534,10.456990046378948,-6.155007577035576e-05
79.72574615478534,10.597017361567625,-3.7528785469476134e-05
79.72574615478534,10.737044676756302,0.0001123057008953765
79.72574615478534,10.877071991944977,-0.00021487644698936492
79.72574615478534,11.017099307133654,6.022119850968011e-05
79.72574615478534,11.15712662232233,-9.245909495803062e-06
79.72574615478534,11.297153937511007,0.0002867495932150632
79.72574615478534,11.437181252699684,
79.72574615478534,11.57720856788836,0.00028482265770435333
79.72574615478534,11.717235883077038,-1.1454277228040155e-05
79.72574615478534,11.857263198265716,0.00018940644804388285
79.72574615478534,11.997290513454391,
79.72574615478534,12.137317828643068,
79.72574615478534,12.277345143831743,0.00029710071976296604
79.72574615478534,12.41737245902042,2.2451145014201757e-06
79.72574615478534,12.5573997742091,
79.72574615478534,12.697427089397774,-0.00010853492858586833
79.72574615478534,12.837454404586452,7.611430191900581e-05
79.72574615478534,12.977481719775128,8.451528992736712e-05
79.72574615478534,13.117509034963804,7.203960558399558e-05
79.72574615478534,13.25753635015248,-7.181998807936907e-05
79.72574615478534,13.397563665341158,1.1896137039002497e-05
79.72574615478534,13.537590980529837,0.00029346876544877887
79.86574615478534,8.076525688171444,0.00017796107567846775
79.86574615478534,8.21655300336012,0.00014080124674364924
79.86574615478534,8.356580318548797,-2.9957971491967328e-05
79.86574615478534,8.496607633737474,6.830037455074489e-05
79.86574615478534,8.636634948926151,
79.86574615478534,8.776662264114828,-3.735212158062495e-05
79.86574615478534,8.916689579303505,-4.166980943409726e-05
79.86574615478534,9.05671689449218,-1.4419064427784178e-05
79.86574615478534,9.196744209680856,-2.7769626740337117e-06
79.86574615478534,9.336771524869532,5.69749427086208e-05
79.86574615478534,9.47679884005821,-0.0002234458370367065
79.86574615478534,9.616826155246889,8.239010639954358e-05
79.86574615478534,9.756853470435564,0.0002631822135299444
79.86574615478534,9.89688078562424,0.00013744182069785893
79.86574615478534,10.036908100812918,
79.86574615478534,10.176935416001594,0.00011864034604514018
79.86574615478534,10.316962731190271,9.688335558166727e-05
79.86574615478534,10.456990046378948,3.9695532905170694e-05
79.86574615478534,10.597017361567625,0.00039917853428050876
79.86574615478534,10.737044676756302,6.88562067807652e-05
79.86574615478534,10.877071991944977,
79.86574615478534,11.017099307133654,2.86347512883367e-05
79.86574615478534,11.15712662232233,
79.86574615478534,11.297153937511007,
79.86574615478534,11.437181252699684,-3.1777344133843144e-07
79.86574615478534,11.57720856788836,7.006912346696481e-05
79.86574615478534,11.717235883077038,
79.86574615478534,11.857263198265716,0.00010897519678110257
79.86574615478534,11.997290513454391,
79.86574615478534,12.137317828643068,-1.708024319668766e-05
79.86574615478534,12.277345143831743,5.5447475460823625e-05
79.86574615478534,12.41737245902042,0.00023265797062776983
79.86574615478534,12.5573997742091,
79.86574615478534,12.697427089397774,5.533835428650491e-05
79.86574615478534,12.837454404586452,0.00016581773525103927
79.86574615478534,12.977481719775128,
79.86574615478534,13.117509034963804,9.309821325587109e-05
79.86574615478534,13.25753635015248,2.9295510103111155e-05
79.86574615478534,13.397563665341158,0.00031874579144641757
79.86574615478534,13.537590980529837,0.00016305665485560894
80.00574615478534,8.076525688171444,5.325162419467233e-05
80.00574615478534,8.21655300336012,
80.00574615478534,8.356580318548797,0.00018851837376132607
80.00574615478534,8.496607633737474,9.240330837201327e-05
80.00574615478534,8.636634948926151,-1.661460737523157e-05
80.00574615478534,8.776662264114828,0.00019889537361450493
80.00574615478534,8.916689579303505,
80.00574615478534,9.05671689449218,0.000344910571584478
80.00574615478534,9.196744209680856,0.00026371749117970467
80.00574615478534,9.336771524869532,0.00014121885760687292
80.00574615478534,9.47679884005821,-7.457909669028595e-05
80.00574615478534,9.616826155246889,
80.00574615478534,9.756853470435564,
80.00574615478534,9.89688078562424,8.49488569656387e-05
80.00574615478534,10.036908100812918,-0.00016866475925780833
80.00574615478534,10.176935416001594,0.00016983273962978274
80.00574615478534,10.316962731190271,0.00017853424651548266
80.00574615478534,10.456990046378948,0.00011248436203459278
80.00574615478534,10.597017361567625,0.00023712847905699164
80.00574615478534,10.737044676756302,4.996294933334866e-07
80.00574615478534,10.877071991944977,0.0003295225906185806
80.00574615478534,11.017099307133654,0.00026437570340931416
80.00574615478534,11.15712662232233,-4.4947177229914814e-05
80.00574615478534,11.297153937511007,0.00012137793964939192
80.00574615478534,11.437181252699684,
80.00574615478534,11.57720856788836,0.0001824018982006237
80.00574615478534,11.717235883077038,
80.00574615478534,11.857263198265716,0.00012839448754675686
80.00574615478534,11.997290513454391,6.748952273483155e-06
80.00574615478534,12.137317828643068,
80.00574615478534,12.277345143831743,0.0002202282630605623
80.00574615478534,12.41737245902042,0.00010569195001153275
80.00574615478534,12.5573997742091,8.575367246521637e-05
80.00574615478534,12.697427089397774,
80.00574615478534,12.837454404586452,0.00034345590393058956
80.00574615478534,12.977481719775128,0.00013050436973571777
80.00574615478534,13.117509034963804,0.00016265212616417557
80.00574615478534,13.25753635015248,-6.446844054153189e-05
80.00574615478534,13.397563665341158,-3.640093927970156e-05
80.00574615478534,13.537590980529837,0.00028112094150856137
80.14574615478534,8.076525688171444,0.0002739613701123744
80.14574615478534,8.21655300336012,3.76550669898279e-05
80.14574615478534,8.356580318548797,0.00012430675269570202
80.14574615478534,8.496607633737474,1.2201964636915363e-05
80.14574615478534,8.636634948926151,-4.245356467436068e-05
80.14574615478534,8.776662264114828,0.00039008352905511856
80.14574615478534,8.916689579303505,0.00017343508079648018
80.14574615478534,9.05671689449218,0.00018729199655354023
80.14574615478534,9.196744209680856,0.0005801727529615164
80.14574615478534,9.336771524869532,0.00014049677702132612
80.14574615478534,9.47679884005821,
80.14574615478534,9.616826155246889,0.0004887674585916102
80.14574615478534,9.756853470435564,
80.14574615478534,9.89688078562424,
80.14574615478534,10.036908100812918,-7.744301547063515e-05
80.14574615478534,10.176935416001594,-3.6564739275490865e-05
80.14574615478534,10.316962731190271,0.00025795737747102976
80.14574615478534,10.456990046378948,3.2807922252686694e-05
80.14574615478534,10.597017361567625,
80.14574615478534,10.737044676756302,
80.14574615478534,10.877071991944977,0.0002918945101555437
80.14574615478534,11.017099307133654,0.00012124522618250921
80.14574615478534,11.15712662232233,-4.2664509237511083e-05
80.14574615478534,11.297153937511007,-0.00015297511708922684
80.14574615478534,11.437181252699684,0.00012677615450229496
80.14574615478534,11.57720856788836,0.0001954467297764495
80.14574615478534,11.717235883077038,
80.14574615478534,11.857263198265716,
80.14574615478534,11.997290513454391,0.00012616426101885736
80.14574615478534,12.137317828643068,0.00014243229816202074
80.14574615478534,12.277345143831743,-3.2252883102046326e-05
80.14574615478534,12.41737245902042,
80.14574615478534,12.5573997742091,6.989871326368302e-05
80.14574615478534,12.697427089397774,0.00030541204614564776
80.14574615478534,12.837454404586452,8.355713362107053e-05
80.14574615478534,12.977481719775128,0.0001484575477661565
80.14574615478534,13.117509034963804,0.0002484041324350983
80.14574615478534,13.25753635015248,
80.14574615478534,13.397563665341158,0.00025900668697431684
80.14574615478534,13.537590980529837,8.700211037648842e-05
80.28574615478534,8.076525688171444,0.00015048460045363754
80.28574615478534,8.21655300336012,8.990669448394328e-05
80.28574615478534,8.356580318548797,2.241516085632611e-05
80.28574615478534,8.496607633737474,0.0006288359872996807
80.28574615478534,8.636634948926151,0.000118095354991965
80.28574615478534,8.776662264114828,0.0001768526271916926
80.28574615478534,8.916689579303505,7.664042641408741e-05
80.28574615478534,9.05671689449218,0.00013278055121190846
80.28574615478534,9.196744209680856,5.590762157225981e-06
80.28574615478534,9.336771524869532,
80.28574615478534,9.47679884005821,8.044668356887996e-05
80.28574615478534,9.616826155246889,0.00013609096640720963
80.28574615478534,9.756853470435564,0.00010552243475103751
80.28574615478534,9.89688078562424,0.00028706344892270863
80.28574615478534,10.036908100812918,0.00011809379066107795
80.28574615478534,10.176935416001594,0.00018568140512797982
80.28574615478534,10.316962731190271,-6.0830763686681166e-05
80.28574615478534,10.456990046378948,
80.28574615478534,10.597017361567625,0.000131397187942639
80.28574615478534,10.737044676756302,0.00024080273578874767
80.28574615478534,10.877071991944977,5.477965714817401e-06
80.28574615478534,11.017099307133654,
80.28574615478534,11.15712662232233,0.00014854852634016424
80.28574615478534,11.297153937511007,-5.1199414883740246e-05
80.28574615478534,11.437181252699684,
80.28574615478534,11.57720856788836,-5.819543730467558e-05
80.28574615478534,11.717235883077038,0.0001454829325666651
80.28574615478534,11.857263198265716,5.704438444809057e-05
80.28574615478534,11.997290513454391,0.00035335164284333587
80.28574615478534,12.137317828643068,0.00025128223933279514
80.28574615478534,12.277345143831743,
80.28574615478534,12.41737245902042,-9.33118280954659e-05
80.28574615478534,12.5573997742091,0.00017401469813194126
80.28574615478534,12.697427089397774,
80.28574615478534,12.837454404586452,6.9894867920083925e-06
80.28574615478534,12.977481719775128,0.0002560270659159869
80.28574615478534,13.117509034963804,-0.00015039174468256533
80.28574615478534,13.25753635015248,
80.28574615478534,13.397563665341158,0.00018092143000103533
80.28574615478534,13.537590980529837,0.00016966556722763926
