longitude,latitude,O3_value(mol/m^2)
76.83291625976568,28.408460617065373,0.1352824717760086
76.83291625976568,28.42206208365299,0.128970205783844
76.83291625976568,28.435663550240605,0.1366677284240722
76.83291625976568,28.44926501682822,
76.83291625976568,28.46286648341584,
76.83291625976568,28.476467950003453,
76.83291625976568,28.49006941659107,0.1295589506626129
76.83291625976568,28.503670883178685,0.1310206651687622
76.83291625976568,28.5172723497663,0.1310067921876907
76.83291625976568,28.53087381635392,0.1359815746545791
76.83291625976568,28.544475282941534,
76.83291625976568,28.55807674952915,0.1516640186309814
76.83291625976568,28.57167821611677,0.1333652287721634
76.83291625976568,28.585279682704385,0.1359767317771911
76.83291625976568,28.598881149292,0.1349136084318161
76.83291625976568,28.61248261587961,0.1312409490346908
76.83291625976568,28.62608408246723,0.1378333270549774
76.83291625976568,28.63968554905485,0.1387024819850921
76.83291625976568,28.653287015642466,0.1311784237623214
76.83291625976568,28.66688848223008,0.1332608610391616
76.83291625976568,28.68048994881769,0.1379860937595367
76.83291625976568,28.69409141540531,0.1282351166009903
76.83291625976568,28.707692881992926,0.1360605061054229
76.83291625976568,28.721294348580543,
76.83291625976568,28.73489581516816,0.1330790966749191
76.83291625976568,28.74849728175577,0.1328509747982025
76.83291625976568,28.76209874834339,0.1377201825380325
76.83291625976568,28.775700214931007,0.137708693742752
76.83291625976568,28.789301681518623,
76.83291625976568,28.80290314810624,0.1336701512336731
76.83291625976568,28.81650461469385,
76.83291625976568,28.83010608128147,0.138082817196846
76.83291625976568,28.843707547869087,0.1438748687505722
76.83291625976568,28.857309014456703,
76.83291625976568,28.87091048104432,0.1336190402507782
76.83291625976568,28.884511947631932,0.1324780881404876
76.84631625976569,28.408460617065373,0.1400789022445678
76.84631625976569,28.42206208365299,0.1402872949838638
76.84631625976569,28.435663550240605,0.136615052819252
76.84631625976569,28.44926501682822,0.144112542271614
76.84631625976569,28.46286648341584,0.1292326897382736
76.84631625976569,28.476467950003453,0.1560587733983993
76.84631625976569,28.49006941659107,0.1315736621618271
76.84631625976569,28.503670883178685,0.1539321690797805
76.84631625976569,28.5172723497663,
76.84631625976569,28.53087381635392,0.1305318474769592
76.84631625976569,28.544475282941534,
76.84631625976569,28.55807674952915,
76.84631625976569,28.57167821611677,0.153688833117485
76.84631625976569,28.585279682704385,
76.84631625976569,28.598881149292,0.1312610954046249
76.84631625976569,28.61248261587961,0.1378970742225647
76.84631625976569,28.62608408246723,0.1366964429616928
76.84631625976569,28.63968554905485,0.1361982673406601
76.84631625976569,28.653287015642466,0.1330560147762298
76.84631625976569,28.66688848223008,0.139071524143219
76.84631625976569,28.68048994881769,0.1315043270587921
76.84631625976569,28.69409141540531,0.1326428651809692
76.84631625976569,28.707692881992926,0.1329982429742813
76.84631625976569,28.721294348580543,0.1379442512989044
76.84631625976569,28.73489581516816,
76.84631625976569,28.74849728175577,0.1389622986316681
76.84631625976569,28.76209874834339,0.1343502253293991
76.84631625976569,28.775700214931007,0.13679239153862
76.84631625976569,28.789301681518623,0.1349778324365615
76.84631625976569,28.80290314810624,0.1325733363628387
76.84631625976569,28.81650461469385,0.1309847682714462
76.84631625976569,28.83010608128147,0.1339693367481231
76.84631625976569,28.843707547869087,
76.84631625976569,28.857309014456703,0.1370015144348144
76.84631625976569,28.87091048104432,0.1462209671735763
76.84631625976569,28.884511947631932,0.1314093172550201
76.85971625976569,28.408460617065373,0.130352646112442
76.85971625976569,28.42206208365299,0.1385311484336853
76.85971625976569,28.435663550240605,0.1323645412921905
76.85971625976569,28.44926501682822,0.1412265300750732
76.85971625976569,28.46286648341584,0.1496027261018753
76.85971625976569,28.476467950003453,0.1389371901750564
76.85971625976569,28.49006941659107,0.1380022764205932
76.85971625976569,28.503670883178685,0.1404461115598678
76.85971625976569,28.5172723497663,0.1343617588281631
76.85971625976569,28.53087381635392,0.1313731223344802
76.85971625976569,28.544475282941534,0.1318670809268951
76.85971625976569,28.55807674952915,0.1293509900569915
76.85971625976569,28.57167821611677,0.1379349380731582
76.85971625976569,28.585279682704385,
76.85971625976569,28.598881149292,0.1310265213251114
76.85971625976569,28.61248261587961,0.1317149102687835
76.85971625976569,28.62608408246723,0.1389490067958831
76.85971625976569,28.63968554905485,0.13212351500988
76.85971625976569,28.653287015642466,0.1378867477178573
76.85971625976569,28.66688848223008,0.1296594887971878
76.85971625976569,28.68048994881769,0.1283364444971084
76.85971625976569,28.69409141540531,
76.85971625976569,28.707692881992926,0.1517675369977951
76.85971625976569,28.721294348580543,0.1325408220291137
76.85971625976569,28.73489581516816,0.1325311660766601
76.85971625976569,28.74849728175577,0.1350475996732711
76.85971625976569,28.76209874834339,
76.85971625976569,28.775700214931007,
76.85971625976569,28.789301681518623,0.1375863403081894
76.85971625976569,28.80290314810624,0.1322446316480636
76.85971625976569,28.81650461469385,0.1293310672044754
76.85971625976569,28.83010608128147,0.1523042619228363
76.85971625976569,28.843707547869087,0.1293845623731613
76.85971625976569,28.857309014456703,0.1362773478031158
76.85971625976569,28.87091048104432,0.1333776861429214
76.85971625976569,28.884511947631932,
76.8731162597657,28.408460617065373,0.1302355974912643
76.8731162597657,28.42206208365299,0.1375678926706314
76.8731162597657,28.435663550240605,0.137546569108963
76.8731162597657,28.44926501682822,0.1321802586317062
76.8731162597657,28.46286648341584,0.1324761360883712
76.8731162597657,28.476467950003453,0.1366300731897354
76.8731162597657,28.49006941659107,
76.8731162597657,28.503670883178685,0.1293884813785553
76.8731162597657,28.5172723497663,0.1300152540206909
76.8731162597657,28.53087381635392,0.1320954859256744
76.8731162597657,28.544475282941534,0.1343676149845123
76.8731162597657,28.55807674952915,0.1348540037870407
76.8731162597657,28.57167821611677,
76.8731162597657,28.585279682704385,
76.8731162597657,28.598881149292,0.137604534626007
76.8731162597657,28.61248261587961,0.1314034759998321
76.8731162597657,28.62608408246723,0.128514215350151
76.8731162597657,28.63968554905485,0.1369606256484985
76.8731162597657,28.653287015642466,0.1305907219648361
76.8731162597657,28.66688848223008,0.1309083253145218
76.8731162597657,28.68048994881769,0.1319223940372467
76.8731162597657,28.69409141540531,0.1362626552581787
76.8731162597657,28.707692881992926,0.1313234269618988
76.8731162597657,28.721294348580543,0.1314021646976471
76.8731162597657,28.73489581516816,0.1366212218999862
76.8731162597657,28.74849728175577,0.132093071937561
76.8731162597657,28.76209874834339,0.1339782923460006
76.8731162597657,28.775700214931007,0.1387702524662017
76.8731162597657,28.789301681518623,0.1322101205587387
76.8731162597657,28.80290314810624,
76.8731162597657,28.81650461469385,0.1524723172187805
76.8731162597657,28.83010608128147,
76.8731162597657,28.843707547869087,0.136970579624176
76.8731162597657,28.857309014456703,
76.8731162597657,28.87091048104432,0.134862795472145
76.8731162597657,28.884511947631932,
76.8865162597657,28.408460617065373,0.1385727673768997
76.8865162597657,28.42206208365299,0.1522585451602935
76.8865162597657,28.435663550240605,0.1291655004024505
76.8865162597657,28.44926501682822,0.1376399397850036
76.8865162597657,28.46286648341584,0.1380677074193954
76.8865162597657,28.476467950003453,0.130358338356018
76.8865162597657,28.49006941659107,0.1368874907493591
76.8865162597657,28.503670883178685,0.1529656052589416
76.8865162597657,28.5172723497663,0.1368842422962188
76.8865162597657,28.53087381635392,0.1320798695087433
76.8865162597657,28.544475282941534,0.1379086822271347
76.8865162597657,28.55807674952915,
76.8865162597657,28.57167821611677,0.1310707032680511
76.8865162597657,28.585279682704385,
76.8865162597657,28.598881149292,0.1531395465135574
76.8865162597657,28.61248261587961,0.1340471655130386
76.8865162597657,28.62608408246723,0.1478016823530197
76.8865162597657,28.63968554905485,0.1325004696846008
76.8865162597657,28.653287015642466,0.1370258629322052
76.8865162597657,28.66688848223008,
76.8865162597657,28.68048994881769,0.1334405988454818
76.8865162597657,28.69409141540531,
76.8865162597657,28.707692881992926,0.1274950355291366
76.8865162597657,28.721294348580543,0.1338814944028854
76.8865162597657,28.73489581516816,0.1336914300918579
76.8865162597657,28.74849728175577,0.1346258372068405
76.8865162597657,28.76209874834339,0.1336701512336731
76.8865162597657,28.775700214931007,0.1332775056362152
76.8865162597657,28.789301681518623,
76.8865162597657,28.80290314810624,0.1517454832792282
76.8865162597657,28.81650461469385,0.1362272948026657
76.8865162597657,28.83010608128147,0.1494240462779998
76.8865162597657,28.843707547869087,0.1347754001617431
76.8865162597657,28.857309014456703,0.1314136683940887
76.8865162597657,28.87091048104432,0.1384999006986618
76.8865162597657,28.884511947631932,0.1537113636732101
76.8999162597657,28.408460617065373,0.1426142752170562
76.8999162597657,28.42206208365299,0.1318959295749664
76.8999162597657,28.435663550240605,
76.8999162597657,28.44926501682822,0.1286245584487915
76.8999162597657,28.46286648341584,0.1507714837789535
76.8999162597657,28.476467950003453,0.1354239284992218
76.8999162597657,28.49006941659107,0.1348695307970047
76.8999162597657,28.503670883178685,0.1329042613506317
76.8999162597657,28.5172723497663,0.1341196298599243
76.8999162597657,28.53087381635392,0.1503336578607559
76.8999162597657,28.544475282941534,0.1274523884057998
76.8999162597657,28.55807674952915,0.1345042884349823
76.8999162597657,28.57167821611677,0.1349126696586609
76.8999162597657,28.585279682704385,0.153004840016365
76.8999162597657,28.598881149292,0.1295156329870224
76.8999162597657,28.61248261587961,
76.8999162597657,28.62608408246723,0.1540756225585937
76.8999162597657,28.63968554905485,0.1252349317073822
76.8999162597657,28.653287015642466,0.1369816213846206
76.8999162597657,28.66688848223008,0.1357012540102005
76.8999162597657,28.68048994881769,
76.8999162597657,28.69409141540531,0.1311243176460266
76.8999162597657,28.707692881992926,0.1357495933771133
76.8999162597657,28.721294348580543,0.1374522000551223
76.8999162597657,28.73489581516816,0.1390288919210434
76.8999162597657,28.74849728175577,0.1345084458589553
76.8999162597657,28.76209874834339,
76.8999162597657,28.775700214931007,
76.8999162597657,28.789301681518623,0.1512227654457092
76.8999162597657,28.80290314810624,
76.8999162597657,28.81650461469385,0.1324754804372787
76.8999162597657,28.83010608128147,
76.8999162597657,28.843707547869087,0.1304962784051895
76.8999162597657,28.857309014456703,0.1309178620576858
76.8999162597657,28.87091048104432,0.1346680670976638
76.8999162597657,28.884511947631932,
76.91331625976571,28.408460617065373,0.1308389008045196
76.91331625976571,28.42206208365299,0.1334524005651474
76.91331625976571,28.435663550240605,0.1393555700778961
76.91331625976571,28.44926501682822,0.1472762823104858
76.91331625976571,28.46286648341584,0.1349164694547653
76.91331625976571,28.476467950003453,
76.91331625976571,28.49006941659107,0.1311233937740326
76.91331625976571,28.503670883178685,
76.91331625976571,28.5172723497663,
76.91331625976571,28.53087381635392,0.1383978128433227
76.91331625976571,28.544475282941534,0.1304747462272644
76.91331625976571,28.55807674952915,
76.91331625976571,28.57167821611677,
76.91331625976571,28.585279682704385,0.1345773786306381
76.91331625976571,28.598881149292,0.1446388065814972
76.91331625976571,28.61248261587961,0.1448203027248382
76.91331625976571,28.62608408246723,0.1414003372192382
76.91331625976571,28.63968554905485,0.1289274394512176
76.91331625976571,28.653287015642466,
76.91331625976571,28.66688848223008,0.1358719319105148
76.91331625976571,28.68048994881769,0.1325408220291137
76.91331625976571,28.69409141540531,
76.91331625976571,28.707692881992926,0.1328145861625671
76.91331625976571,28.721294348580543,0.1292255222797393
76.91331625976571,28.73489581516816,
76.91331625976571,28.74849728175577,0.1351904720067978
76.91331625976571,28.76209874834339,
76.91331625976571,28.775700214931007,0.1407621800899505
76.91331625976571,28.789301681518623,0.1365005224943161
76.91331625976571,28.80290314810624,0.133333146572113
76.91331625976571,28.81650461469385,0.1376964300870895
76.91331625976571,28.83010608128147,0.1381913423538208
76.91331625976571,28.843707547869087,0.1376848965883255
76.91331625976571,28.857309014456703,
76.91331625976571,28.87091048104432,0.1343439817428589
76.91331625976571,28.884511947631932,0.135607048869133
76.92671625976571,28.408460617065373,0.1310445815324783
76.92671625976571,28.42206208365299,0.1384043842554092
76.92671625976571,28.435663550240605,0.1285231262445449
76.92671625976571,28.44926501682822,0.1356268972158432
76.92671625976571,28.46286648341584,0.128399446606636
76.92671625976571,28.476467950003453,0.1332531571388244
76.92671625976571,28.49006941659107,0.1370722651481628
76.92671625976571,28.503670883178685,0.1287098824977874
76.92671625976571,28.5172723497663,0.1327632367610931
76.92671625976571,28.53087381635392,0.1373469829559326
76.92671625976571,28.544475282941534,0.1368103921413421
76.92671625976571,28.55807674952915,0.1309438198804855
76.92671625976571,28.57167821611677,
76.92671625976571,28.585279682704385,0.1390226334333419
76.92671625976571,28.598881149292,0.1287001371383667
76.92671625976571,28.61248261587961,0.1378183215856552
76.92671625976571,28.62608408246723,0.1476924270391464
76.92671625976571,28.63968554905485,0.13873390853405
76.92671625976571,28.653287015642466,
76.92671625976571,28.66688848223008,0.1374728232622146
76.92671625976571,28.68048994881769,0.1330133080482483
76.92671625976571,28.69409141540531,0.1319458186626434
76.92671625976571,28.707692881992926,
76.92671625976571,28.721294348580543,0.1495921909809112
76.92671625976571,28.73489581516816,0.1357330828905105
76.92671625976571,28.74849728175577,0.1309608370065689
76.92671625976571,28.76209874834339,0.1382674872875213
76.92671625976571,28.775700214931007,0.1521757841110229
76.92671625976571,28.789301681518623,0.1288322061300277
76.92671625976571,28.80290314810624,0.1399721652269363
76.92671625976571,28.81650461469385,
76.92671625976571,28.83010608128147,0.1309464871883392
76.92671625976571,28.843707547869087,
76.92671625976571,28.857309014456703,0.1398708522319793
76.92671625976571,28.87091048104432,0.1291732937097549
76.92671625976571,28.884511947631932,
76.94011625976572,28.408460617065373,0.1529073715209961
76.94011625976572,28.42206208365299,0.1365936398506164
76.94011625976572,28.435663550240605,0.1321418583393097
76.94011625976572,28.44926501682822,0.1379066854715347
76.94011625976572,28.46286648341584,0.1489702463150024
76.94011625976572,28.476467950003453,0.133017212152481
76.94011625976572,28.49006941659107,0.1388909816741943
76.94011625976572,28.503670883178685,0.1324231475591659
76.94011625976572,28.5172723497663,0.1340548247098922
76.94011625976572,28.53087381635392,0.1366803497076034
76.94011625976572,28.544475282941534,0.1272778362035751
76.94011625976572,28.55807674952915,0.1371384710073471
76.94011625976572,28.57167821611677,
76.94011625976572,28.585279682704385,
76.94011625976572,28.598881149292,0.1314086019992828
76.94011625976572,28.61248261587961,0.1315826922655105
76.94011625976572,28.62608408246723,0.1258228570222854
76.94011625976572,28.63968554905485,0.1531907767057418
76.94011625976572,28.653287015642466,0.1303686499595642
76.94011625976572,28.66688848223008,0.1371178925037384
76.94011625976572,28.68048994881769,
76.94011625976572,28.69409141540531,0.1389263868331909
76.94011625976572,28.707692881992926,0.1402086168527603
76.94011625976572,28.721294348580543,
76.94011625976572,28.73489581516816,0.1392956376075744
76.94011625976572,28.74849728175577,0.1317318677902221
76.94011625976572,28.76209874834339,0.1515218913555145
76.94011625976572,28.775700214931007,0.1562453806400299
76.94011625976572,28.789301681518623,0.1357353031635284
76.94011625976572,28.80290314810624,0.1344972997903823
76.94011625976572,28.81650461469385,
76.94011625976572,28.83010608128147,0.1529057472944259
76.94011625976572,28.843707547869087,
76.94011625976572,28.857309014456703,0.1356152147054672
76.94011625976572,28.87091048104432,0.1334963738918304
76.94011625976572,28.884511947631932,0.1269972473382949
76.95351625976572,28.408460617065373,
76.95351625976572,28.42206208365299,0.1350380927324295
76.95351625976572,28.435663550240605,0.1312262415885925
76.95351625976572,28.44926501682822,0.1330654323101043
76.95351625976572,28.46286648341584,0.1370962560176849
76.95351625976572,28.476467950003453,0.1327185332775116
76.95351625976572,28.49006941659107,0.1455792933702469
76.95351625976572,28.503670883178685,0.1395526379346847
76.95351625976572,28.5172723497663,0.1348029673099517
76.95351625976572,28.53087381635392,
76.95351625976572,28.544475282941534,
76.95351625976572,28.55807674952915,0.1274010986089706
76.95351625976572,28.57167821611677,0.1285240054130554
76.95351625976572,28.585279682704385,
76.95351625976572,28.598881149292,0.1326254457235336
76.95351625976572,28.61248261587961,0.1440576910972595
76.95351625976572,28.62608408246723,0.1357012540102005
76.95351625976572,28.63968554905485,0.1377131789922714
76.95351625976572,28.653287015642466,
76.95351625976572,28.66688848223008,0.1306842565536499
76.95351625976572,28.68048994881769,0.1524299681186676
76.95351625976572,28.69409141540531,0.1355766206979751
76.95351625976572,28.707692881992926,0.131330594420433
76.95351625976572,28.721294348580543,0.1307452470064163
76.95351625976572,28.73489581516816,0.1302138715982437
76.95351625976572,28.74849728175577,0.1421811133623123
76.95351625976572,28.76209874834339,0.1353909373283386
76.95351625976572,28.775700214931007,0.1318836063146591
76.95351625976572,28.789301681518623,0.1361340582370758
76.95351625976572,28.80290314810624,0.1469948440790176
76.95351625976572,28.81650461469385,
76.95351625976572,28.83010608128147,0.1367410868406295
76.95351625976572,28.843707547869087,0.1330986022949218
76.95351625976572,28.857309014456703,0.135607048869133
76.95351625976572,28.87091048104432,0.1426878124475479
76.95351625976572,28.884511947631932,0.1502257883548736
76.96691625976572,28.408460617065373,0.1346965432167053
76.96691625976572,28.42206208365299,0.1348583996295929
76.96691625976572,28.435663550240605,
76.96691625976572,28.44926501682822,0.1560587733983993
76.96691625976572,28.46286648341584,0.1323151290416717
76.96691625976572,28.476467950003453,0.1312974542379379
76.96691625976572,28.49006941659107,0.1331533640623092
76.96691625976572,28.503670883178685,0.153751254081726
76.96691625976572,28.5172723497663,
76.96691625976572,28.53087381635392,0.1534294784069061
76.96691625976572,28.544475282941534,0.1291740536689758
76.96691625976572,28.55807674952915,0.1327207088470459
76.96691625976572,28.57167821611677,0.1557533740997314
76.96691625976572,28.585279682704385,0.135807991027832
76.96691625976572,28.598881149292,0.1343140453100204
76.96691625976572,28.61248261587961,0.1328485012054443
76.96691625976572,28.62608408246723,0.1355344653129577
76.96691625976572,28.63968554905485,0.1313234269618988
76.96691625976572,28.653287015642466,0.1325311660766601
76.96691625976572,28.66688848223008,0.1359317004680633
76.96691625976572,28.68048994881769,0.1323897540569305
76.96691625976572,28.69409141540531,
76.96691625976572,28.707692881992926,0.133613646030426
76.96691625976572,28.721294348580543,0.1282398998737335
76.96691625976572,28.73489581516816,0.1293310672044754
76.96691625976572,28.74849728175577,
76.96691625976572,28.76209874834339,0.1389432847499847
76.96691625976572,28.775700214931007,0.1372166872024536
76.96691625976572,28.789301681518623,0.1351712495088577
76.96691625976572,28.80290314810624,0.1317205876111984
76.96691625976572,28.81650461469385,0.1300721913576126
76.96691625976572,28.83010608128147,
76.96691625976572,28.843707547869087,
76.96691625976572,28.857309014456703,0.1323483139276504
76.96691625976572,28.87091048104432,0.1308548301458358
76.96691625976572,28.884511947631932,
76.98031625976573,28.408460617065373,0.1331415474414825
76.98031625976573,28.42206208365299,0.131796583533287
76.98031625976573,28.435663550240605,0.1362040638923645
76.98031625976573,28.44926501682822,0.1328698843717575
76.98031625976573,28.46286648341584,0.1434822678565979
76.98031625976573,28.476467950003453,0.1364334970712661
76.98031625976573,28.49006941659107,0.14441978931427
76.98031625976573,28.503670883178685,0.1537586450576782
76.98031625976573,28.5172723497663,0.13702192902565
76.98031625976573,28.53087381635392,0.1309060603380203
76.98031625976573,28.544475282941534,0.1536992341279983
76.98031625976573,28.55807674952915,0.1362416446208953
76.98031625976573,28.57167821611677,0.1317259818315506
76.98031625976573,28.585279682704385,0.1412888318300247
76.98031625976573,28.598881149292,0.1384800523519516
76.98031625976573,28.61248261587961,
76.98031625976573,28.62608408246723,0.1362527161836624
76.98031625976573,28.63968554905485,0.1339366137981414
76.98031625976573,28.653287015642466,
76.98031625976573,28.66688848223008,0.1349149942398071
76.98031625976573,28.68048994881769,0.1522071659564972
76.98031625976573,28.69409141540531,
76.98031625976573,28.707692881992926,
76.98031625976573,28.721294348580543,0.131740853190422
76.98031625976573,28.73489581516816,0.1336466968059539
76.98031625976573,28.74849728175577,0.1297960877418518
76.98031625976573,28.76209874834339,0.1341660171747207
76.98031625976573,28.775700214931007,0.1488611102104187
76.98031625976573,28.789301681518623,0.1317823380231857
76.98031625976573,28.80290314810624,0.1389689147472381
76.98031625976573,28.81650461469385,
76.98031625976573,28.83010608128147,0.1368347257375717
76.98031625976573,28.843707547869087,
76.98031625976573,28.857309014456703,0.1311385035514831
76.98031625976573,28.87091048104432,0.1280525177717209
76.98031625976573,28.884511947631932,0.1300126910209655
76.99371625976573,28.408460617065373,0.1407678723335266
76.99371625976573,28.42206208365299,0.1536177545785904
76.99371625976573,28.435663550240605,0.1531358063220977
76.99371625976573,28.44926501682822,0.1298507899045944
76.99371625976573,28.46286648341584,
76.99371625976573,28.476467950003453,0.1364274024963379
76.99371625976573,28.49006941659107,
76.99371625976573,28.503670883178685,0.1303651630878448
76.99371625976573,28.5172723497663,0.1295337378978729
76.99371625976573,28.53087381635392,0.1352670937776565
76.99371625976573,28.544475282941534,0.1321612894535064
76.99371625976573,28.55807674952915,0.1404743492603302
76.99371625976573,28.57167821611677,0.1308692544698715
76.99371625976573,28.585279682704385,0.1371862143278122
76.99371625976573,28.598881149292,0.1334405988454818
76.99371625976573,28.61248261587961,
76.99371625976573,28.62608408246723,0.1310615241527557
76.99371625976573,28.63968554905485,0.1368986517190933
76.99371625976573,28.653287015642466,0.1343750953674316
76.99371625976573,28.66688848223008,0.1339270174503326
76.99371625976573,28.68048994881769,0.1349778324365615
76.99371625976573,28.69409141540531,0.1294062733650207
76.99371625976573,28.707692881992926,0.1301304697990417
76.99371625976573,28.721294348580543,0.1325850337743759
76.99371625976573,28.73489581516816,0.1380584985017776
76.99371625976573,28.74849728175577,0.1528380662202835
76.99371625976573,28.76209874834339,0.128854289650917
76.99371625976573,28.775700214931007,
76.99371625976573,28.789301681518623,0.134254440665245
76.99371625976573,28.80290314810624,0.1305925548076629
76.99371625976573,28.81650461469385,0.1315119862556457
76.99371625976573,28.83010608128147,0.152528628706932
76.99371625976573,28.843707547869087,0.1314304769039154
76.99371625976573,28.857309014456703,0.1320067793130874
76.99371625976573,28.87091048104432,0.1343848705291748
76.99371625976573,28.884511947631932,0.1309376955032348
77.00711625976574,28.408460617065373,0.1386034339666366
77.00711625976574,28.42206208365299,0.1363645195960998
77.00711625976574,28.435663550240605,0.1297928392887115
77.00711625976574,28.44926501682822,0.1354994773864746
77.00711625976574,28.46286648341584,0.1509967893362045
77.00711625976574,28.476467950003453,0.1304747462272644
77.00711625976574,28.49006941659107,0.1312270313501358
77.00711625976574,28.503670883178685,0.129927858710289
77.00711625976574,28.5172723497663,0.1396600753068924
77.00711625976574,28.53087381635392,0.1372215151786804
77.00711625976574,28.544475282941534,0.1346340775489807
77.00711625976574,28.55807674952915,0.1538110971450805
77.00711625976574,28.57167821611677,0.1308121383190155
77.00711625976574,28.585279682704385,0.1312115639448166
77.00711625976574,28.598881149292,0.1314066350460052
77.00711625976574,28.61248261587961,0.1339219063520431
77.00711625976574,28.62608408246723,
77.00711625976574,28.63968554905485,
77.00711625976574,28.653287015642466,0.1355766206979751
77.00711625976574,28.66688848223008,0.1380862891674041
77.00711625976574,28.68048994881769,
77.00711625976574,28.69409141540531,0.1275577694177627
77.00711625976574,28.707692881992926,0.1379188448190689
77.00711625976574,28.721294348580543,
77.00711625976574,28.73489581516816,0.1283820867538452
77.00711625976574,28.74849728175577,0.1555761843919754
77.00711625976574,28.76209874834339,
77.00711625976574,28.775700214931007,0.1385302394628524
77.00711625976574,28.789301681518623,0.1310805231332779
77.00711625976574,28.80290314810624,0.1383291184902191
77.00711625976574,28.81650461469385,
77.00711625976574,28.83010608128147,0.1321593225002288
77.00711625976574,28.843707547869087,
77.00711625976574,28.857309014456703,
77.00711625976574,28.87091048104432,0.1382956206798553
77.00711625976574,28.884511947631932,0.1557595431804657
77.02051625976574,28.408460617065373,0.1328703612089157
77.02051625976574,28.42206208365299,0.1372525095939636
77.02051625976574,28.435663550240605,0.1304638981819152
77.02051625976574,28.44926501682822,0.1372184753417968
77.02051625976574,28.46286648341584,0.1365769058465957
77.02051625976574,28.476467950003453,0.1297047138214111
77.02051625976574,28.49006941659107,0.1277106255292892
77.02051625976574,28.503670883178685,0.135483905673027
77.02051625976574,28.5172723497663,0.1337730884552002
77.02051625976574,28.53087381635392,0.1305191665887832
77.02051625976574,28.544475282941534,
77.02051625976574,28.55807674952915,0.1315601468086242
77.02051625976574,28.57167821611677,0.1365235447883606
77.02051625976574,28.585279682704385,0.1480699181556701
77.02051625976574,28.598881149292,
77.02051625976574,28.61248261587961,0.1311071813106537
77.02051625976574,28.62608408246723,0.1315342336893081
77.02051625976574,28.63968554905485,0.1369329094886779
77.02051625976574,28.653287015642466,
77.02051625976574,28.66688848223008,0.1302958279848098
77.02051625976574,28.68048994881769,
77.02051625976574,28.69409141540531,0.1293310672044754
77.02051625976574,28.707692881992926,
77.02051625976574,28.721294348580543,0.1326600611209869
77.02051625976574,28.73489581516816,0.1393201649188995
77.02051625976574,28.74849728175577,0.1334868371486663
77.02051625976574,28.76209874834339,0.131750151515007
77.02051625976574,28.775700214931007,0.1364122629165649
77.02051625976574,28.789301681518623,0.1486103236675262
77.02051625976574,28.80290314810624,
77.02051625976574,28.81650461469385,0.1380706280469894
77.02051625976574,28.83010608128147,0.1308668106794357
77.02051625976574,28.843707547869087,
77.02051625976574,28.857309014456703,0.1462209671735763
77.02051625976574,28.87091048104432,0.1288768202066421
77.02051625976574,28.884511947631932,0.1309572756290435
77.03391625976575,28.408460617065373,0.1373215317726135
77.03391625976575,28.42206208365299,0.1356649845838546
77.03391625976575,28.435663550240605,0.1555741280317306
77.03391625976575,28.44926501682822,0.1294205784797668
77.03391625976575,28.46286648341584,0.1526398360729217
77.03391625976575,28.476467950003453,
77.03391625976575,28.49006941659107,0.1376238167285919
77.03391625976575,28.503670883178685,0.1352305710315704
77.03391625976575,28.5172723497663,
77.03391625976575,28.53087381635392,0.1323650032281875
77.03391625976575,28.544475282941534,0.1415465027093887
77.03391625976575,28.55807674952915,0.1307532489299774
77.03391625976575,28.57167821611677,0.1374265849590301
77.03391625976575,28.585279682704385,
77.03391625976575,28.598881149292,0.1294809132814407
77.03391625976575,28.61248261587961,0.1314062923192978
77.03391625976575,28.62608408246723,
77.03391625976575,28.63968554905485,0.1329647898674011
77.03391625976575,28.653287015642466,0.1402158737182617
77.03391625976575,28.66688848223008,0.1317604333162307
77.03391625976575,28.68048994881769,0.1350844651460647
77.03391625976575,28.69409141540531,0.1529697477817535
77.03391625976575,28.707692881992926,0.1376265287399292
77.03391625976575,28.721294348580543,0.1282019615173339
77.03391625976575,28.73489581516816,0.1354524493217468
77.03391625976575,28.74849728175577,0.1315948814153671
77.03391625976575,28.76209874834339,0.1309562921524047
77.03391625976575,28.775700214931007,
77.03391625976575,28.789301681518623,0.131658136844635
77.03391625976575,28.80290314810624,0.1331197917461395
77.03391625976575,28.81650461469385,0.1382533460855484
77.03391625976575,28.83010608128147,0.130558505654335
77.03391625976575,28.843707547869087,0.1280743926763534
77.03391625976575,28.857309014456703,0.1346607208251953
77.03391625976575,28.87091048104432,0.1346054077148437
77.03391625976575,28.884511947631932,0.1280491352081298
77.04731625976575,28.408460617065373,0.1308503448963165
77.04731625976575,28.42206208365299,0.1317463517189026
77.04731625976575,28.435663550240605,
77.04731625976575,28.44926501682822,0.1373668164014816
77.04731625976575,28.46286648341584,0.1330826580524444
77.04731625976575,28.476467950003453,
77.04731625976575,28.49006941659107,
77.04731625976575,28.503670883178685,0.1302838772535324
77.04731625976575,28.5172723497663,0.1429433971643448
77.04731625976575,28.53087381635392,0.1379716992378235
77.04731625976575,28.544475282941534,0.130436971783638
77.04731625976575,28.55807674952915,0.1334405988454818
77.04731625976575,28.57167821611677,0.1371121853590011
77.04731625976575,28.585279682704385,0.1319135576486587
77.04731625976575,28.598881149292,0.1320604383945465
77.04731625976575,28.61248261587961,0.1304938346147537
77.04731625976575,28.62608408246723,
77.04731625976575,28.63968554905485,0.1307282447814941
77.04731625976575,28.653287015642466,0.1458993107080459
77.04731625976575,28.66688848223008,0.136004701256752
77.04731625976575,28.68048994881769,0.1301319152116775
77.04731625976575,28.69409141540531,0.128265380859375
77.04731625976575,28.707692881992926,0.1324754804372787
77.04731625976575,28.721294348580543,0.1374174207448959
77.04731625976575,28.73489581516816,0.1300950795412063
77.04731625976575,28.74849728175577,0.1306701004505157
77.04731625976575,28.76209874834339,0.1379344016313552
77.04731625976575,28.775700214931007,0.1360581815242767
77.04731625976575,28.789301681518623,0.1380342543125152
77.04731625976575,28.80290314810624,0.1393565386533737
77.04731625976575,28.81650461469385,0.1408460736274719
77.04731625976575,28.83010608128147,0.1332889795303344
77.04731625976575,28.843707547869087,0.1368444561958313
77.04731625976575,28.857309014456703,0.1357778012752533
77.04731625976575,28.87091048104432,0.132454052567482
77.04731625976575,28.884511947631932,0.1322916001081466
77.06071625976575,28.408460617065373,0.1313407570123672
77.06071625976575,28.42206208365299,
77.06071625976575,28.435663550240605,
77.06071625976575,28.44926501682822,0.1310042440891266
77.06071625976575,28.46286648341584,0.1384702920913696
77.06071625976575,28.476467950003453,0.1331323832273483
77.06071625976575,28.49006941659107,0.1367801874876022
77.06071625976575,28.503670883178685,
77.06071625976575,28.5172723497663,
77.06071625976575,28.53087381635392,0.1375602185726165
77.06071625976575,28.544475282941534,0.132467582821846
77.06071625976575,28.55807674952915,0.133880153298378
77.06071625976575,28.57167821611677,0.1313234269618988
77.06071625976575,28.585279682704385,0.1317799538373947
77.06071625976575,28.598881149292,0.1356094628572464
77.06071625976575,28.61248261587961,
77.06071625976575,28.62608408246723,0.1300326436758041
77.06071625976575,28.63968554905485,
77.06071625976575,28.653287015642466,0.1275577694177627
77.06071625976575,28.66688848223008,0.1522071659564972
77.06071625976575,28.68048994881769,
77.06071625976575,28.69409141540531,0.1370907574892044
77.06071625976575,28.707692881992926,
77.06071625976575,28.721294348580543,0.1372182667255401
77.06071625976575,28.73489581516816,0.1290483474731445
77.06071625976575,28.74849728175577,0.1310885846614837
77.06071625976575,28.76209874834339,0.1372819393873214
77.06071625976575,28.775700214931007,0.1353811621665954
77.06071625976575,28.789301681518623,0.1295169442892074
77.06071625976575,28.80290314810624,0.13228639960289
77.06071625976575,28.81650461469385,0.1520892679691314
77.06071625976575,28.83010608128147,0.1332628279924392
77.06071625976575,28.843707547869087,0.1436651647090912
77.06071625976575,28.857309014456703,0.1391296535730362
77.06071625976575,28.87091048104432,
77.06071625976575,28.884511947631932,0.1301870346069336
77.07411625976576,28.408460617065373,0.1301061362028122
77.07411625976576,28.42206208365299,
77.07411625976576,28.435663550240605,0.1346443146467209
77.07411625976576,28.44926501682822,0.1489702463150024
77.07411625976576,28.46286648341584,0.1310534030199051
77.07411625976576,28.476467950003453,0.1366642564535141
77.07411625976576,28.49006941659107,0.1312028765678405
77.07411625976576,28.503670883178685,0.1279517412185669
77.07411625976576,28.5172723497663,0.1331560313701629
77.07411625976576,28.53087381635392,0.1361848413944244
77.07411625976576,28.544475282941534,0.1308155506849289
77.07411625976576,28.55807674952915,0.1341241300106048
77.07411625976576,28.57167821611677,0.1296803653240203
77.07411625976576,28.585279682704385,0.1446388065814972
77.07411625976576,28.598881149292,0.1311304420232772
77.07411625976576,28.61248261587961,0.1393993645906448
77.07411625976576,28.62608408246723,0.1380660384893417
77.07411625976576,28.63968554905485,0.1537141799926757
77.07411625976576,28.653287015642466,0.1380747258663177
77.07411625976576,28.66688848223008,0.1395848244428634
77.07411625976576,28.68048994881769,
77.07411625976576,28.69409141540531,0.1469941139221191
77.07411625976576,28.707692881992926,0.1399721652269363
77.07411625976576,28.721294348580543,0.1361140757799148
77.07411625976576,28.73489581516816,0.1313475370407104
77.07411625976576,28.74849728175577,0.1330309361219406
77.07411625976576,28.76209874834339,0.130926176905632
77.07411625976576,28.775700214931007,0.133028507232666
77.07411625976576,28.789301681518623,0.1398693174123764
77.07411625976576,28.80290314810624,0.1307569593191146
77.07411625976576,28.81650461469385,
77.07411625976576,28.83010608128147,0.1288768202066421
77.07411625976576,28.843707547869087,0.1311525404453277
77.07411625976576,28.857309014456703,0.1295351088047027
77.07411625976576,28.87091048104432,0.1502257883548736
77.07411625976576,28.884511947631932,0.1275753527879715
77.08751625976576,28.408460617065373,0.1356209367513656
77.08751625976576,28.42206208365299,0.1297867447137832
77.08751625976576,28.435663550240605,0.1385491490364074
77.08751625976576,28.44926501682822,0.1484477818012237
77.08751625976576,28.46286648341584,
77.08751625976576,28.476467950003453,
77.08751625976576,28.49006941659107,0.1293288171291351
77.08751625976576,28.503670883178685,0.1408485472202301
77.08751625976576,28.5172723497663,0.1345574706792831
77.08751625976576,28.53087381635392,0.1354206353425979
77.08751625976576,28.544475282941534,0.1557533740997314
77.08751625976576,28.55807674952915,0.1310615241527557
77.08751625976576,28.57167821611677,0.1512540578842163
77.08751625976576,28.585279682704385,0.1318964809179306
77.08751625976576,28.598881149292,
77.08751625976576,28.61248261587961,0.1363676339387893
77.08751625976576,28.62608408246723,0.1290877759456634
77.08751625976576,28.63968554905485,0.1369890123605728
77.08751625976576,28.653287015642466,0.132189929485321
77.08751625976576,28.66688848223008,0.1545038968324661
77.08751625976576,28.68048994881769,0.1282019615173339
77.08751625976576,28.69409141540531,0.1356109529733657
77.08751625976576,28.707692881992926,0.1304613500833511
77.08751625976576,28.721294348580543,
77.08751625976576,28.73489581516816,
77.08751625976576,28.74849728175577,
77.08751625976576,28.76209874834339,0.1291150599718094
77.08751625976576,28.775700214931007,0.1513435542583465
77.08751625976576,28.789301681518623,0.1378048807382583
77.08751625976576,28.80290314810624,0.1307986974716186
77.08751625976576,28.81650461469385,0.1365342587232589
77.08751625976576,28.83010608128147,0.1341463774442672
77.08751625976576,28.843707547869087,0.1354745626449585
77.08751625976576,28.857309014456703,0.1290591806173324
77.08751625976576,28.87091048104432,0.1517959833145141
77.08751625976576,28.884511947631932,
77.10091625976577,28.408460617065373,0.1563333719968795
77.10091625976577,28.42206208365299,0.1317551881074905
77.10091625976577,28.435663550240605,0.1361338347196579
77.10091625976577,28.44926501682822,0.135483905673027
77.10091625976577,28.46286648341584,0.1362288743257522
77.10091625976577,28.476467950003453,0.152853325009346
77.10091625976577,28.49006941659107,0.1450601518154144
77.10091625976577,28.503670883178685,0.1414003372192382
77.10091625976577,28.5172723497663,0.1290036886930465
77.10091625976577,28.53087381635392,0.1311162710189819
77.10091625976577,28.544475282941534,0.1325560510158538
77.10091625976577,28.55807674952915,0.1524107456207275
77.10091625976577,28.57167821611677,0.1395997703075409
77.10091625976577,28.585279682704385,0.1403493136167526
77.10091625976577,28.598881149292,0.1315644830465316
77.10091625976577,28.61248261587961,0.1311509013175964
77.10091625976577,28.62608408246723,
77.10091625976577,28.63968554905485,0.1317202895879745
77.10091625976577,28.653287015642466,0.1375018656253814
77.10091625976577,28.66688848223008,0.1316629946231842
77.10091625976577,28.68048994881769,0.1324780881404876
77.10091625976577,28.69409141540531,0.1360704600811004
77.10091625976577,28.707692881992926,0.129504919052124
77.10091625976577,28.721294348580543,0.1354353725910186
77.10091625976577,28.73489581516816,0.1304285228252411
77.10091625976577,28.74849728175577,0.1321599781513214
77.10091625976577,28.76209874834339,0.1269972473382949
77.10091625976577,28.775700214931007,0.1390569657087326
77.10091625976577,28.789301681518623,
77.10091625976577,28.80290314810624,0.1331714689731598
77.10091625976577,28.81650461469385,0.1324993073940277
77.10091625976577,28.83010608128147,0.1342835575342178
77.10091625976577,28.843707547869087,0.1318248063325882
77.10091625976577,28.857309014456703,0.154112234711647
77.10091625976577,28.87091048104432,
77.10091625976577,28.884511947631932,0.1303319633007049
77.11431625976577,28.408460617065373,
77.11431625976577,28.42206208365299,0.136156752705574
77.11431625976577,28.435663550240605,
77.11431625976577,28.44926501682822,0.1365743279457092
77.11431625976577,28.46286648341584,0.1309830397367477
77.11431625976577,28.476467950003453,0.1373266130685806
77.11431625976577,28.49006941659107,0.1343792676925659
77.11431625976577,28.503670883178685,0.1319223940372467
77.11431625976577,28.5172723497663,
77.11431625976577,28.53087381635392,
77.11431625976577,28.544475282941534,
77.11431625976577,28.55807674952915,0.1288979053497314
77.11431625976577,28.57167821611677,0.1377362459897995
77.11431625976577,28.585279682704385,0.1392876058816909
77.11431625976577,28.598881149292,
77.11431625976577,28.61248261587961,
77.11431625976577,28.62608408246723,0.1336623281240463
77.11431625976577,28.63968554905485,
77.11431625976577,28.653287015642466,0.1511555761098861
77.11431625976577,28.66688848223008,0.1372750997543335
77.11431625976577,28.68048994881769,
77.11431625976577,28.69409141540531,0.1391916424036026
77.11431625976577,28.707692881992926,
77.11431625976577,28.721294348580543,0.1549640148878097
77.11431625976577,28.73489581516816,0.1358297020196914
77.11431625976577,28.74849728175577,0.1321264803409576
77.11431625976577,28.76209874834339,0.1312413364648819
77.11431625976577,28.775700214931007,0.1296879947185516
77.11431625976577,28.789301681518623,0.13133405148983
77.11431625976577,28.80290314810624,0.1312453746795654
77.11431625976577,28.81650461469385,0.1283781826496124
77.11431625976577,28.83010608128147,0.1321852952241897
77.11431625976577,28.843707547869087,0.1389225274324417
77.11431625976577,28.857309014456703,0.1523327529430389
77.11431625976577,28.87091048104432,0.1389828026294708
77.11431625976577,28.884511947631932,0.1533944606781005
77.12771625976578,28.408460617065373,0.1310265213251114
77.12771625976578,28.42206208365299,0.1326668262481689
77.12771625976578,28.435663550240605,
77.12771625976578,28.44926501682822,0.1332285106182098
77.12771625976578,28.46286648341584,0.1316571086645126
77.12771625976578,28.476467950003453,0.1395571082830429
77.12771625976578,28.49006941659107,0.1511493772268295
77.12771625976578,28.503670883178685,0.1362626552581787
77.12771625976578,28.5172723497663,0.1316721886396408
77.12771625976578,28.53087381635392,0.1313255876302719
77.12771625976578,28.544475282941534,0.1389275193214416
77.12771625976578,28.55807674952915,0.1344255954027176
77.12771625976578,28.57167821611677,0.1387003362178802
77.12771625976578,28.585279682704385,0.1352276802062988
77.12771625976578,28.598881149292,0.138127326965332
77.12771625976578,28.61248261587961,0.1295329928398132
77.12771625976578,28.62608408246723,0.134803831577301
77.12771625976578,28.63968554905485,0.1311722546815872
77.12771625976578,28.653287015642466,0.1525724232196808
77.12771625976578,28.66688848223008,0.1329488307237625
77.12771625976578,28.68048994881769,0.1340041011571884
77.12771625976578,28.69409141540531,
77.12771625976578,28.707692881992926,0.1360108256340026
77.12771625976578,28.721294348580543,0.1418410688638687
77.12771625976578,28.73489581516816,
77.12771625976578,28.74849728175577,0.1323709040880203
77.12771625976578,28.76209874834339,0.1377784013748169
77.12771625976578,28.775700214931007,0.1381421387195587
77.12771625976578,28.789301681518623,0.1513446569442749
77.12771625976578,28.80290314810624,
77.12771625976578,28.81650461469385,
77.12771625976578,28.83010608128147,
77.12771625976578,28.843707547869087,0.1290198862552642
77.12771625976578,28.857309014456703,0.1304478347301483
77.12771625976578,28.87091048104432,0.1376714557409286
77.12771625976578,28.884511947631932,0.131428986787796
77.14111625976578,28.408460617065373,0.1371422410011291
77.14111625976578,28.42206208365299,0.1402250826358795
77.14111625976578,28.435663550240605,0.1274383664131164
77.14111625976578,28.44926501682822,0.1330029070377349
77.14111625976578,28.46286648341584,0.1331673413515091
77.14111625976578,28.476467950003453,0.1363055855035781
77.14111625976578,28.49006941659107,0.1376463770866394
77.14111625976578,28.503670883178685,0.1314605772495269
77.14111625976578,28.5172723497663,0.1505666226148605
77.14111625976578,28.53087381635392,0.1290809661149978
77.14111625976578,28.544475282941534,0.137708693742752
77.14111625976578,28.55807674952915,
77.14111625976578,28.57167821611677,0.127726063132286
77.14111625976578,28.585279682704385,
77.14111625976578,28.598881149292,0.1448203027248382
77.14111625976578,28.61248261587961,
77.14111625976578,28.62608408246723,0.1320760548114776
77.14111625976578,28.63968554905485,
77.14111625976578,28.653287015642466,0.1346131563186645
77.14111625976578,28.66688848223008,0.1552911549806594
77.14111625976578,28.68048994881769,
77.14111625976578,28.69409141540531,0.1331264674663543
77.14111625976578,28.707692881992926,0.1312718838453292
77.14111625976578,28.721294348580543,0.1291150599718094
77.14111625976578,28.73489581516816,0.1321593225002288
77.14111625976578,28.74849728175577,0.1376331746578216
77.14111625976578,28.76209874834339,0.1369733661413192
77.14111625976578,28.775700214931007,0.1313030868768692
77.14111625976578,28.789301681518623,0.136832982301712
77.14111625976578,28.80290314810624,0.1317895203828811
77.14111625976578,28.81650461469385,0.1339482516050338
77.14111625976578,28.83010608128147,
77.14111625976578,28.843707547869087,0.1363276243209839
77.14111625976578,28.857309014456703,0.1334345638751983
77.14111625976578,28.87091048104432,0.1347670257091522
77.14111625976578,28.884511947631932,0.149268090724945
77.15451625976578,28.408460617065373,0.1348930597305297
77.15451625976578,28.42206208365299,0.1296607106924057
77.15451625976578,28.435663550240605,0.1314738541841507
77.15451625976578,28.44926501682822,0.135062888264656
77.15451625976578,28.46286648341584,0.1324089020490646
77.15451625976578,28.476467950003453,0.1362026929855346
77.15451625976578,28.49006941659107,
77.15451625976578,28.503670883178685,0.1400703638792038
77.15451625976578,28.5172723497663,0.1376218795776367
77.15451625976578,28.53087381635392,0.1282171308994293
77.15451625976578,28.544475282941534,
77.15451625976578,28.55807674952915,0.1303240656852722
77.15451625976578,28.57167821611677,0.137543112039566
77.15451625976578,28.585279682704385,
77.15451625976578,28.598881149292,0.1440576910972595
77.15451625976578,28.61248261587961,0.1347119659185409
77.15451625976578,28.62608408246723,0.1542514860630035
77.15451625976578,28.63968554905485,0.1355574876070022
77.15451625976578,28.653287015642466,0.1288718581199646
77.15451625976578,28.66688848223008,0.1516270935535431
77.15451625976578,28.68048994881769,0.1309178620576858
77.15451625976578,28.69409141540531,0.1456196755170822
77.15451625976578,28.707692881992926,0.1292881369590759
77.15451625976578,28.721294348580543,
77.15451625976578,28.73489581516816,0.132779911160469
77.15451625976578,28.74849728175577,0.13435760140419
77.15451625976578,28.76209874834339,
77.15451625976578,28.775700214931007,0.1375834345817566
77.15451625976578,28.789301681518623,0.1390409618616104
77.15451625976578,28.80290314810624,0.1300916522741317
77.15451625976578,28.81650461469385,0.1367995887994766
77.15451625976578,28.83010608128147,0.1380474716424942
77.15451625976578,28.843707547869087,0.1371201276779174
77.15451625976578,28.857309014456703,0.1314403414726257
77.15451625976578,28.87091048104432,0.1342560052871704
77.15451625976578,28.884511947631932,0.1359553337097168
77.16791625976579,28.408460617065373,0.1385364830493927
77.16791625976579,28.42206208365299,
77.16791625976579,28.435663550240605,0.1302366554737091
77.16791625976579,28.44926501682822,
77.16791625976579,28.46286648341584,
77.16791625976579,28.476467950003453,
77.16791625976579,28.49006941659107,0.1395297348499298
77.16791625976579,28.503670883178685,0.1297732591629028
77.16791625976579,28.5172723497663,0.1273483335971832
77.16791625976579,28.53087381635392,0.1355766206979751
77.16791625976579,28.544475282941534,0.1300326436758041
77.16791625976579,28.55807674952915,0.1372307986021042
77.16791625976579,28.57167821611677,0.1378190666437149
77.16791625976579,28.585279682704385,
77.16791625976579,28.598881149292,0.1302410662174224
77.16791625976579,28.61248261587961,0.1531907767057418
77.16791625976579,28.62608408246723,0.1308110058307647
77.16791625976579,28.63968554905485,0.1539826691150665
77.16791625976579,28.653287015642466,0.1361367851495742
77.16791625976579,28.66688848223008,0.1325330734252929
77.16791625976579,28.68048994881769,0.1415693461894989
77.16791625976579,28.69409141540531,0.1571637988090515
77.16791625976579,28.707692881992926,0.1363089978694915
77.16791625976579,28.721294348580543,0.1314621865749359
77.16791625976579,28.73489581516816,0.1518063694238662
77.16791625976579,28.74849728175577,0.1310088634490966
77.16791625976579,28.76209874834339,0.1395567208528518
77.16791625976579,28.775700214931007,
77.16791625976579,28.789301681518623,0.132424309849739
77.16791625976579,28.80290314810624,0.1417841613292694
77.16791625976579,28.81650461469385,0.1347842961549759
77.16791625976579,28.83010608128147,
77.16791625976579,28.843707547869087,0.1505356132984161
77.16791625976579,28.857309014456703,
77.16791625976579,28.87091048104432,
77.16791625976579,28.884511947631932,0.1314397752285003
77.1813162597658,28.408460617065373,0.1344607770442962
77.1813162597658,28.42206208365299,0.1352187991142273
77.1813162597658,28.435663550240605,0.1347877830266952
77.1813162597658,28.44926501682822,
77.1813162597658,28.46286648341584,0.1321008950471878
77.1813162597658,28.476467950003453,0.1286166459321975
77.1813162597658,28.49006941659107,0.1370794028043747
77.1813162597658,28.503670883178685,0.1292447596788406
77.1813162597658,28.5172723497663,0.1319826543331146
77.1813162597658,28.53087381635392,
77.1813162597658,28.544475282941534,0.1305563300848007
77.1813162597658,28.55807674952915,
77.1813162597658,28.57167821611677,
77.1813162597658,28.585279682704385,0.136916384100914
77.1813162597658,28.598881149292,
77.1813162597658,28.61248261587961,0.1312112510204315
77.1813162597658,28.62608408246723,
77.1813162597658,28.63968554905485,0.1536667048931121
77.1813162597658,28.653287015642466,0.1355574131011963
77.1813162597658,28.66688848223008,0.1321832537651062
77.1813162597658,28.68048994881769,0.1331512033939361
77.1813162597658,28.69409141540531,0.1296847015619278
77.1813162597658,28.707692881992926,0.1313847154378891
77.1813162597658,28.721294348580543,0.1360305994749069
77.1813162597658,28.73489581516816,0.1300321668386459
77.1813162597658,28.74849728175577,0.1288768202066421
77.1813162597658,28.76209874834339,
77.1813162597658,28.775700214931007,0.135416105389595
77.1813162597658,28.789301681518623,
77.1813162597658,28.80290314810624,0.1360028237104416
77.1813162597658,28.81650461469385,0.1487679779529571
77.1813162597658,28.83010608128147,0.1520317941904068
77.1813162597658,28.843707547869087,0.1363082975149154
77.1813162597658,28.857309014456703,0.1326905637979507
77.1813162597658,28.87091048104432,0.1442830115556717
77.1813162597658,28.884511947631932,0.1359732896089553
77.1947162597658,28.408460617065373,0.1291942298412323
77.1947162597658,28.42206208365299,0.1345562040805816
77.1947162597658,28.435663550240605,
77.1947162597658,28.44926501682822,0.1353861689567566
77.1947162597658,28.46286648341584,0.1523846387863159
77.1947162597658,28.476467950003453,0.1336937099695205
77.1947162597658,28.49006941659107,0.1296032816171646
77.1947162597658,28.503670883178685,0.1520118713378906
77.1947162597658,28.5172723497663,0.1365078389644622
77.1947162597658,28.53087381635392,0.1364362835884094
77.1947162597658,28.544475282941534,0.1345065236091613
77.1947162597658,28.55807674952915,0.1309104561805725
77.1947162597658,28.57167821611677,0.1353964656591415
77.1947162597658,28.585279682704385,
77.1947162597658,28.598881149292,0.1363631039857864
77.1947162597658,28.61248261587961,0.1388743072748184
77.1947162597658,28.62608408246723,0.1317844241857528
77.1947162597658,28.63968554905485,0.1334988176822662
77.1947162597658,28.653287015642466,0.1368764489889145
77.1947162597658,28.66688848223008,0.1384999006986618
77.1947162597658,28.68048994881769,
77.1947162597658,28.69409141540531,0.1337464451789856
77.1947162597658,28.707692881992926,0.1390099972486496
77.1947162597658,28.721294348580543,0.1280743926763534
77.1947162597658,28.73489581516816,0.1411603391170501
77.1947162597658,28.74849728175577,0.1317033469676971
77.1947162597658,28.76209874834339,
77.1947162597658,28.775700214931007,0.1292323470115661
77.1947162597658,28.789301681518623,0.1276224702596664
77.1947162597658,28.80290314810624,0.1363542973995208
77.1947162597658,28.81650461469385,0.13648322224617
77.1947162597658,28.83010608128147,0.1306404322385788
77.1947162597658,28.843707547869087,0.1462209671735763
77.1947162597658,28.857309014456703,0.1349982619285583
77.1947162597658,28.87091048104432,0.1292116641998291
77.1947162597658,28.884511947631932,
77.2081162597658,28.408460617065373,0.1318472325801849
77.2081162597658,28.42206208365299,0.1321576833724975
77.2081162597658,28.435663550240605,0.1354506760835647
77.2081162597658,28.44926501682822,0.1375944018363952
77.2081162597658,28.46286648341584,0.138008564710617
77.2081162597658,28.476467950003453,0.1376218795776367
77.2081162597658,28.49006941659107,0.1295064389705658
77.2081162597658,28.503670883178685,
77.2081162597658,28.5172723497663,
77.2081162597658,28.53087381635392,0.1332775056362152
77.2081162597658,28.544475282941534,0.1524107456207275
77.2081162597658,28.55807674952915,0.1325850337743759
77.2081162597658,28.57167821611677,0.1310114711523056
77.2081162597658,28.585279682704385,0.1329879909753799
77.2081162597658,28.598881149292,0.1282313168048858
77.2081162597658,28.61248261587961,0.1342642307281494
77.2081162597658,28.62608408246723,0.1366351395845413
77.2081162597658,28.63968554905485,0.1303346306085586
77.2081162597658,28.653287015642466,0.1365093141794204
77.2081162597658,28.66688848223008,0.1284569948911667
77.2081162597658,28.68048994881769,0.1515983790159225
77.2081162597658,28.69409141540531,0.1535102874040603
77.2081162597658,28.707692881992926,0.1273078918457031
77.2081162597658,28.721294348580543,0.1542253792285919
77.2081162597658,28.73489581516816,0.1321200281381607
77.2081162597658,28.74849728175577,0.1379623115062713
77.2081162597658,28.76209874834339,0.1538847684860229
77.2081162597658,28.775700214931007,0.1312169283628463
77.2081162597658,28.789301681518623,0.1304826885461807
77.2081162597658,28.80290314810624,0.1391943097114563
77.2081162597658,28.81650461469385,
77.2081162597658,28.83010608128147,0.1376126557588577
77.2081162597658,28.843707547869087,0.1333601325750351
77.2081162597658,28.857309014456703,0.135644257068634
77.2081162597658,28.87091048104432,0.1315906643867492
77.2081162597658,28.884511947631932,0.1312393248081207
77.2215162597658,28.408460617065373,0.1386692225933075
77.2215162597658,28.42206208365299,0.1355681121349334
77.2215162597658,28.435663550240605,0.1287422627210617
77.2215162597658,28.44926501682822,0.1501164585351944
77.2215162597658,28.46286648341584,0.1370722651481628
77.2215162597658,28.476467950003453,0.1409030556678772
77.2215162597658,28.49006941659107,0.1355766206979751
77.2215162597658,28.503670883178685,0.1507901400327682
77.2215162597658,28.5172723497663,0.1306252628564834
77.2215162597658,28.53087381635392,0.1538110971450805
77.2215162597658,28.544475282941534,0.1348887234926223
77.2215162597658,28.55807674952915,0.1387990415096283
77.2215162597658,28.57167821611677,
77.2215162597658,28.585279682704385,0.1324778199195861
77.2215162597658,28.598881149292,0.1367433816194534
77.2215162597658,28.61248261587961,0.1311603933572769
77.2215162597658,28.62608408246723,0.136867806315422
77.2215162597658,28.63968554905485,0.1369475275278091
77.2215162597658,28.653287015642466,
77.2215162597658,28.66688848223008,0.1255167573690414
77.2215162597658,28.68048994881769,
77.2215162597658,28.69409141540531,0.1351349055767059
77.2215162597658,28.707692881992926,0.1393661350011825
77.2215162597658,28.721294348580543,0.1334414631128311
77.2215162597658,28.73489581516816,0.1524251699447631
77.2215162597658,28.74849728175577,0.135416105389595
77.2215162597658,28.76209874834339,
77.2215162597658,28.775700214931007,0.1303481161594391
77.2215162597658,28.789301681518623,0.1351292878389358
77.2215162597658,28.80290314810624,0.1368346363306045
77.2215162597658,28.81650461469385,0.1315476447343826
77.2215162597658,28.83010608128147,0.1323005408048629
77.2215162597658,28.843707547869087,0.1302885860204696
77.2215162597658,28.857309014456703,0.1312765032052993
77.2215162597658,28.87091048104432,0.1299720257520675
77.2215162597658,28.884511947631932,0.1378308832645416
77.23491625976581,28.408460617065373,
77.23491625976581,28.42206208365299,0.134708970785141
77.23491625976581,28.435663550240605,0.1365845203399658
77.23491625976581,28.44926501682822,0.1370794028043747
77.23491625976581,28.46286648341584,0.140484407544136
77.23491625976581,28.476467950003453,0.1316387951374054
77.23491625976581,28.49006941659107,0.1374805122613906
77.23491625976581,28.503670883178685,0.1552076637744903
77.23491625976581,28.5172723497663,0.1534686833620071
77.23491625976581,28.53087381635392,0.1364459693431854
77.23491625976581,28.544475282941534,
77.23491625976581,28.55807674952915,0.1375631242990493
77.23491625976581,28.57167821611677,0.1351714581251144
77.23491625976581,28.585279682704385,
77.23491625976581,28.598881149292,0.136169746518135
77.23491625976581,28.61248261587961,0.1304747611284256
77.23491625976581,28.62608408246723,0.1330394297838211
77.23491625976581,28.63968554905485,0.1307983249425888
77.23491625976581,28.653287015642466,0.1334963738918304
77.23491625976581,28.66688848223008,0.1396365612745285
77.23491625976581,28.68048994881769,0.1344523727893829
77.23491625976581,28.69409141540531,0.1300321668386459
77.23491625976581,28.707692881992926,
77.23491625976581,28.721294348580543,0.1362965852022171
77.23491625976581,28.73489581516816,0.1365376114845276
77.23491625976581,28.74849728175577,
77.23491625976581,28.76209874834339,0.1308339387178421
77.23491625976581,28.775700214931007,
77.23491625976581,28.789301681518623,0.1340760588645935
77.23491625976581,28.80290314810624,0.1330509185791015
77.23491625976581,28.81650461469385,
77.23491625976581,28.83010608128147,0.1377579271793365
77.23491625976581,28.843707547869087,0.1304051131010055
77.23491625976581,28.857309014456703,0.1413226574659347
77.23491625976581,28.87091048104432,0.1304835826158523
77.23491625976581,28.884511947631932,
77.24831625976582,28.408460617065373,0.1365373283624649
77.24831625976582,28.42206208365299,0.1287792026996612
77.24831625976582,28.435663550240605,
77.24831625976582,28.44926501682822,0.1305138170719146
77.24831625976582,28.46286648341584,0.1326185017824173
77.24831625976582,28.476467950003453,
77.24831625976582,28.49006941659107,
77.24831625976582,28.503670883178685,0.1539474576711654
77.24831625976582,28.5172723497663,0.1371362656354904
77.24831625976582,28.53087381635392,0.1353964656591415
77.24831625976582,28.544475282941534,0.1558844298124313
77.24831625976582,28.55807674952915,0.1337196379899978
77.24831625976582,28.57167821611677,0.1309164762496948
77.24831625976582,28.585279682704385,
77.24831625976582,28.598881149292,0.1383815109729766
77.24831625976582,28.61248261587961,0.1394849121570587
77.24831625976582,28.62608408246723,
77.24831625976582,28.63968554905485,0.1295589655637741
77.24831625976582,28.653287015642466,0.1317606270313263
77.24831625976582,28.66688848223008,0.131298542022705
77.24831625976582,28.68048994881769,0.1393287628889084
77.24831625976582,28.69409141540531,
77.24831625976582,28.707692881992926,
77.24831625976582,28.721294348580543,0.1280491352081298
77.24831625976582,28.73489581516816,0.1315867900848388
77.24831625976582,28.74849728175577,0.1317751258611679
77.24831625976582,28.76209874834339,0.1391209363937378
77.24831625976582,28.775700214931007,0.1374954581260681
77.24831625976582,28.789301681518623,0.1293512135744094
77.24831625976582,28.80290314810624,
77.24831625976582,28.81650461469385,0.1335836201906204
77.24831625976582,28.83010608128147,0.1521838009357452
77.24831625976582,28.843707547869087,0.1353790163993835
77.24831625976582,28.857309014456703,0.1366928368806839
77.24831625976582,28.87091048104432,0.1332703679800033
77.24831625976582,28.884511947631932,
77.26171625976582,28.408460617065373,0.1371351182460785
77.26171625976582,28.42206208365299,0.129294291138649
77.26171625976582,28.435663550240605,0.1531952917575836
77.26171625976582,28.44926501682822,0.1524810791015625
77.26171625976582,28.46286648341584,0.13679239153862
77.26171625976582,28.476467950003453,0.1306434422731399
77.26171625976582,28.49006941659107,0.1322091668844223
77.26171625976582,28.503670883178685,0.1306069046258926
77.26171625976582,28.5172723497663,
77.26171625976582,28.53087381635392,0.1370159089565277
77.26171625976582,28.544475282941534,0.1398379355669021
77.26171625976582,28.55807674952915,0.1372082680463791
77.26171625976582,28.57167821611677,0.1314392685890197
77.26171625976582,28.585279682704385,
77.26171625976582,28.598881149292,0.1534475237131118
77.26171625976582,28.61248261587961,0.1356697678565979
77.26171625976582,28.62608408246723,
77.26171625976582,28.63968554905485,
77.26171625976582,28.653287015642466,0.1313706040382385
77.26171625976582,28.66688848223008,0.1307569593191146
77.26171625976582,28.68048994881769,0.1351957619190216
77.26171625976582,28.69409141540531,
77.26171625976582,28.707692881992926,0.1528380662202835
77.26171625976582,28.721294348580543,0.1357371062040329
77.26171625976582,28.73489581516816,0.1297522038221359
77.26171625976582,28.74849728175577,0.1322038322687149
77.26171625976582,28.76209874834339,0.1524723172187805
77.26171625976582,28.775700214931007,0.1330651044845581
77.26171625976582,28.789301681518623,
77.26171625976582,28.80290314810624,0.1512589752674102
77.26171625976582,28.81650461469385,0.1384948343038559
77.26171625976582,28.83010608128147,0.1317648291587829
77.26171625976582,28.843707547869087,0.1359021216630935
77.26171625976582,28.857309014456703,0.1288958936929702
77.26171625976582,28.87091048104432,0.1395377963781356
77.26171625976582,28.884511947631932,0.1409481167793274
77.27511625976582,28.408460617065373,0.1367063969373703
77.27511625976582,28.42206208365299,0.1311817020177841
77.27511625976582,28.435663550240605,0.1292447596788406
77.27511625976582,28.44926501682822,0.1505562663078308
77.27511625976582,28.46286648341584,0.1371595114469528
77.27511625976582,28.476467950003453,
77.27511625976582,28.49006941659107,
77.27511625976582,28.503670883178685,0.1302764117717743
77.27511625976582,28.5172723497663,0.1304852664470672
77.27511625976582,28.53087381635392,0.1378501057624817
77.27511625976582,28.544475282941534,0.1483064442873001
77.27511625976582,28.55807674952915,0.1315214931964874
77.27511625976582,28.57167821611677,0.1433064341545105
77.27511625976582,28.585279682704385,0.1240682601928711
77.27511625976582,28.598881149292,0.1321832537651062
77.27511625976582,28.61248261587961,
77.27511625976582,28.62608408246723,0.135860338807106
77.27511625976582,28.63968554905485,0.1385743170976638
77.27511625976582,28.653287015642466,0.1351349055767059
77.27511625976582,28.66688848223008,0.1330998837947845
77.27511625976582,28.68048994881769,
77.27511625976582,28.69409141540531,0.1368767023086547
77.27511625976582,28.707692881992926,
77.27511625976582,28.721294348580543,0.1444158256053924
77.27511625976582,28.73489581516816,0.1339908987283706
77.27511625976582,28.74849728175577,
77.27511625976582,28.76209874834339,0.1360584199428558
77.27511625976582,28.775700214931007,0.1378048807382583
77.27511625976582,28.789301681518623,0.1368979513645172
77.27511625976582,28.80290314810624,0.1376934349536895
77.27511625976582,28.81650461469385,0.1356543451547622
77.27511625976582,28.83010608128147,0.1304423660039901
77.27511625976582,28.843707547869087,0.1426878124475479
77.27511625976582,28.857309014456703,0.1372947692871093
77.27511625976582,28.87091048104432,0.1380553841590881
77.27511625976582,28.884511947631932,0.1322669982910156
77.28851625976583,28.408460617065373,0.1311830133199691
77.28851625976583,28.42206208365299,0.1308716535568237
77.28851625976583,28.435663550240605,0.1318161338567733
77.28851625976583,28.44926501682822,0.144459381699562
77.28851625976583,28.46286648341584,
77.28851625976583,28.476467950003453,0.1321920454502105
77.28851625976583,28.49006941659107,0.1364459693431854
77.28851625976583,28.503670883178685,
77.28851625976583,28.5172723497663,0.1362272948026657
77.28851625976583,28.53087381635392,0.1373409330844879
77.28851625976583,28.544475282941534,0.1321067810058593
77.28851625976583,28.55807674952915,
77.28851625976583,28.57167821611677,0.1526954025030136
77.28851625976583,28.585279682704385,0.1331264674663543
77.28851625976583,28.598881149292,
77.28851625976583,28.61248261587961,
77.28851625976583,28.62608408246723,
77.28851625976583,28.63968554905485,0.1295103430747985
77.28851625976583,28.653287015642466,0.1306037753820419
77.28851625976583,28.66688848223008,0.1281818598508834
77.28851625976583,28.68048994881769,0.1312235295772552
77.28851625976583,28.69409141540531,0.1304154247045517
77.28851625976583,28.707692881992926,
77.28851625976583,28.721294348580543,0.1308339387178421
77.28851625976583,28.73489581516816,0.138256624341011
77.28851625976583,28.74849728175577,0.1320538520812988
77.28851625976583,28.76209874834339,0.1332086026668548
77.28851625976583,28.775700214931007,0.131044790148735
77.28851625976583,28.789301681518623,0.1495776325464248
77.28851625976583,28.80290314810624,0.1438748687505722
77.28851625976583,28.81650461469385,0.1333627998828888
77.28851625976583,28.83010608128147,0.1336973756551742
77.28851625976583,28.843707547869087,0.1282301247119903
77.28851625976583,28.857309014456703,0.1366037428379058
77.28851625976583,28.87091048104432,0.1287433952093124
77.28851625976583,28.884511947631932,0.140140101313591
77.30191625976583,28.408460617065373,0.1303015649318695
77.30191625976583,28.42206208365299,0.1332246363162994
77.30191625976583,28.435663550240605,0.1346698999404907
77.30191625976583,28.44926501682822,0.1376372724771499
77.30191625976583,28.46286648341584,0.136416882276535
77.30191625976583,28.476467950003453,
77.30191625976583,28.49006941659107,0.1353964656591415
77.30191625976583,28.503670883178685,0.153688833117485
77.30191625976583,28.5172723497663,0.1535937786102295
77.30191625976583,28.53087381635392,0.1380075365304947
77.30191625976583,28.544475282941534,0.1361351907253265
77.30191625976583,28.55807674952915,0.1345638930797577
77.30191625976583,28.57167821611677,
77.30191625976583,28.585279682704385,0.1302674561738968
77.30191625976583,28.598881149292,0.1339440941810608
77.30191625976583,28.61248261587961,
77.30191625976583,28.62608408246723,0.1297478079795837
77.30191625976583,28.63968554905485,
77.30191625976583,28.653287015642466,0.1324504911899566
77.30191625976583,28.66688848223008,0.1309817433357238
77.30191625976583,28.68048994881769,0.133754700422287
77.30191625976583,28.69409141540531,0.1321852952241897
77.30191625976583,28.707692881992926,0.1278418451547622
77.30191625976583,28.721294348580543,0.1316976696252823
77.30191625976583,28.73489581516816,0.1266655176877975
77.30191625976583,28.74849728175577,0.1450328975915908
77.30191625976583,28.76209874834339,0.1372114568948745
77.30191625976583,28.775700214931007,0.1341064572334289
77.30191625976583,28.789301681518623,0.1349891871213913
77.30191625976583,28.80290314810624,0.1309434622526168
77.30191625976583,28.81650461469385,0.1527519524097442
77.30191625976583,28.83010608128147,
77.30191625976583,28.843707547869087,0.1373636126518249
77.30191625976583,28.857309014456703,0.1334297955036163
77.30191625976583,28.87091048104432,
77.30191625976583,28.884511947631932,0.1363709568977356
77.31531625976584,28.408460617065373,0.137546569108963
77.31531625976584,28.42206208365299,0.1384797990322113
77.31531625976584,28.435663550240605,0.1336701512336731
77.31531625976584,28.44926501682822,0.1311745047569275
77.31531625976584,28.46286648341584,0.1303328722715377
77.31531625976584,28.476467950003453,
77.31531625976584,28.49006941659107,0.1375773847103119
77.31531625976584,28.503670883178685,0.1360349953174591
77.31531625976584,28.5172723497663,0.1324780881404876
77.31531625976584,28.53087381635392,0.1372429728507995
77.31531625976584,28.544475282941534,
77.31531625976584,28.55807674952915,0.1545786559581756
77.31531625976584,28.57167821611677,0.1356697678565979
77.31531625976584,28.585279682704385,0.1301545351743698
77.31531625976584,28.598881149292,0.1291732937097549
77.31531625976584,28.61248261587961,0.1291530579328537
77.31531625976584,28.62608408246723,0.1384277939796447
77.31531625976584,28.63968554905485,0.1320126950740814
77.31531625976584,28.653287015642466,
77.31531625976584,28.66688848223008,
77.31531625976584,28.68048994881769,
77.31531625976584,28.69409141540531,0.1322916001081466
77.31531625976584,28.707692881992926,0.1314613074064254
77.31531625976584,28.721294348580543,0.1320034712553024
77.31531625976584,28.73489581516816,0.1376031637191772
77.31531625976584,28.74849728175577,0.142495721578598
77.31531625976584,28.76209874834339,0.131630539894104
77.31531625976584,28.775700214931007,0.1520892679691314
77.31531625976584,28.789301681518623,0.1546556204557418
77.31531625976584,28.80290314810624,0.1363793164491653
77.31531625976584,28.81650461469385,0.1326055973768234
77.31531625976584,28.83010608128147,0.1315800100564956
77.31531625976584,28.843707547869087,
77.31531625976584,28.857309014456703,0.1383606493473053
77.31531625976584,28.87091048104432,
77.31531625976584,28.884511947631932,0.1522605568170547
77.32871625976584,28.408460617065373,0.1304938346147537
77.32871625976584,28.42206208365299,0.1384902745485305
77.32871625976584,28.435663550240605,0.1372307986021042
77.32871625976584,28.44926501682822,0.1358739137649536
77.32871625976584,28.46286648341584,0.1317318677902221
77.32871625976584,28.476467950003453,0.1521149277687072
77.32871625976584,28.49006941659107,
77.32871625976584,28.503670883178685,0.1355352699756622
77.32871625976584,28.5172723497663,0.1443558633327484
77.32871625976584,28.53087381635392,0.1371729075908661
77.32871625976584,28.544475282941534,0.1372339576482772
77.32871625976584,28.55807674952915,0.1540644317865371
77.32871625976584,28.57167821611677,0.134866863489151
77.32871625976584,28.585279682704385,0.1282599121332168
77.32871625976584,28.598881149292,0.1311451494693756
77.32871625976584,28.61248261587961,0.1320472061634063
77.32871625976584,28.62608408246723,0.1320756673812866
77.32871625976584,28.63968554905485,
77.32871625976584,28.653287015642466,0.1362700015306472
77.32871625976584,28.66688848223008,
77.32871625976584,28.68048994881769,0.1288399249315261
77.32871625976584,28.69409141540531,0.132090538740158
77.32871625976584,28.707692881992926,
77.32871625976584,28.721294348580543,0.1375994384288787
77.32871625976584,28.73489581516816,0.1385317593812942
77.32871625976584,28.74849728175577,0.1359632313251495
77.32871625976584,28.76209874834339,
77.32871625976584,28.775700214931007,0.1329449713230133
77.32871625976584,28.789301681518623,0.1300164312124252
77.32871625976584,28.80290314810624,
77.32871625976584,28.81650461469385,
77.32871625976584,28.83010608128147,0.1313582062721252
77.32871625976584,28.843707547869087,
77.32871625976584,28.857309014456703,0.1325835734605789
77.32871625976584,28.87091048104432,0.1308612525463104
77.32871625976584,28.884511947631932,
