longitude,latitude,No2_value(mol/m^2)
68.18624877929699,20.120798110961918,1.9436214643064886e-05
68.18624877929699,20.26407909393311,1.1913399248442147e-05
68.18624877929699,20.407360076904304,-8.677366167830769e-06
68.18624877929699,20.5506410598755,2.43558988586301e-05
68.18624877929699,20.69392204284669,2.4327811843249947e-05
68.18624877929699,20.837203025817885,5.0570924940984696e-05
68.18624877929699,20.98048400878908,2.6381838324596174e-05
68.18624877929699,21.123764991760275,2.2370239094016142e-05
68.18624877929699,21.26704597473147,-2.063878810076858e-06
68.18624877929699,21.410326957702665,1.5697409253334627e-05
68.18624877929699,21.55360794067386,2.2389845980796963e-05
68.18624877929699,21.69688892364505,4.619595711119473e-05
68.18624877929699,21.840169906616246,1.8249051208840683e-05
68.18624877929699,21.98345088958744,8.646886271890253e-06
68.18624877929699,22.12673187255864,7.030648703221232e-05
68.18624877929699,22.27001285552983,3.803809522651136e-05
68.18624877929699,22.413293838501023,1.9533779777702875e-05
68.18624877929699,22.55657482147222,6.800968094466953e-06
68.18624877929699,22.699855804443416,1.2635188795684371e-05
68.18624877929699,22.84313678741461,9.442123700864613e-05
68.18624877929699,22.98641777038581,1.2016448636131827e-05
68.18624877929699,23.129698753357,0.000365055981092155
68.18624877929699,23.272979736328196,1.5346980944741517e-05
68.18624877929699,23.416260719299387,2.1259802451822907e-05
68.18624877929699,23.559541702270582,9.478705578658264e-06
68.18624877929699,23.702822685241777,1.7850899894256145e-05
68.18624877929699,23.84610366821297,2.071415110549424e-05
68.18624877929699,23.989384651184167,2.0801402570214123e-05
68.18624877929699,24.13266563415536,1.6135732948896475e-05
68.18624877929699,24.27594661712656,3.7820333091076463e-05
68.18624877929699,24.41922760009775,1.0313100574421696e-05
68.18624877929699,24.562508583068944,1.4755226402485278e-05
68.18624877929699,24.70578956604014,2.4332535758730955e-05
68.32624877929699,20.120798110961918,2.1923842723481357e-05
68.32624877929699,20.26407909393311,1.67987345776055e-05
68.32624877929699,20.407360076904304,1.8828572137863375e-05
68.32624877929699,20.5506410598755,3.4747332392726094e-05
68.32624877929699,20.69392204284669,7.361581992881838e-06
68.32624877929699,20.837203025817885,2.8657843358814716e-05
68.32624877929699,20.98048400878908,3.437977284193039e-05
68.32624877929699,21.123764991760275,2.4876751922420226e-05
68.32624877929699,21.26704597473147,2.0211740775266662e-05
68.32624877929699,21.410326957702665,1.508274090156192e-05
68.32624877929699,21.55360794067386,3.1916202715365216e-05
68.32624877929699,21.69688892364505,2.9679571525775827e-05
68.32624877929699,21.840169906616246,1.2278273970878217e-05
68.32624877929699,21.98345088958744,4.103537867194973e-05
68.32624877929699,22.12673187255864,4.462164724827744e-06
68.32624877929699,22.27001285552983,2.0438879801076837e-05
68.32624877929699,22.413293838501023,1.3344826584216207e-05
68.32624877929699,22.55657482147222,9.603851140127517e-06
68.32624877929699,22.699855804443416,3.6036457458976656e-05
68.32624877929699,22.84313678741461,2.413165566395037e-05
68.32624877929699,22.98641777038581,1.737578168103937e-05
68.32624877929699,23.129698753357,2.0644254618673585e-05
68.32624877929699,23.272979736328196,1.2283642718102783e-05
68.32624877929699,23.416260719299387,1.2382948625599965e-05
68.32624877929699,23.559541702270582,1.6165338820428587e-05
68.32624877929699,23.702822685241777,3.0612776754423976e-05
68.32624877929699,23.84610366821297,1.4524678590532858e-05
68.32624877929699,23.989384651184167,1.5709278159192763e-05
68.32624877929699,24.13266563415536,2.0465204215724953e-05
68.32624877929699,24.27594661712656,6.12266012467444e-05
68.32624877929699,24.41922760009775,2.257537289551692e-06
68.32624877929699,24.562508583068944,1.5883664673310705e-05
68.32624877929699,24.70578956604014,2.007372495427262e-05
68.46624877929699,20.120798110961918,2.0000092263217084e-05
68.46624877929699,20.26407909393311,5.872765541425906e-06
68.46624877929699,20.407360076904304,2.9980812541907653e-05
68.46624877929699,20.5506410598755,2.8814973120461218e-05
68.46624877929699,20.69392204284669,2.0678087821579538e-05
68.46624877929699,20.837203025817885,1.5688758139731362e-05
68.46624877929699,20.98048400878908,1.8934739273390733e-05
68.46624877929699,21.123764991760275,0.0005077988025732338
68.46624877929699,21.26704597473147,1.2292117389733903e-05
68.46624877929699,21.410326957702665,1.8019534763880074e-05
68.46624877929699,21.55360794067386,2.152042907255236e-05
68.46624877929699,21.69688892364505,2.191675957874395e-05
68.46624877929699,21.840169906616246,2.628942638693843e-05
68.46624877929699,21.98345088958744,9.981532457459252e-06
68.46624877929699,22.12673187255864,9.521017091174144e-06
68.46624877929699,22.27001285552983,2.0175155441393144e-05
68.46624877929699,22.413293838501023,1.4426800589717459e-05
68.46624877929699,22.55657482147222,2.310900526936166e-05
68.46624877929699,22.699855804443416,2.252734157082159e-05
68.46624877929699,22.84313678741461,2.3414124370901845e-05
68.46624877929699,22.98641777038581,1.704832902760245e-05
68.46624877929699,23.129698753357,1.2193325346743222e-05
68.46624877929699,23.272979736328196,2.9811961212544702e-05
68.46624877929699,23.416260719299387,1.9505396267049946e-05
68.46624877929699,23.559541702270582,1.5261008229572326e-05
68.46624877929699,23.702822685241777,2.4288468921440654e-05
68.46624877929699,23.84610366821297,8.17391337477602e-05
68.46624877929699,23.989384651184167,5.074828368378803e-05
68.46624877929699,24.13266563415536,1.4051218386157416e-05
68.46624877929699,24.27594661712656,6.471330380009022e-06
68.46624877929699,24.41922760009775,2.8990516511839814e-05
68.46624877929699,24.562508583068944,2.2712836653226987e-05
68.46624877929699,24.70578956604014,3.2981144613586366e-05
68.60624877929699,20.120798110961918,1.3885573935112916e-05
68.60624877929699,20.26407909393311,-2.801124082907336e-06
68.60624877929699,20.407360076904304,4.188960519968532e-05
68.60624877929699,20.5506410598755,1.6773039533291012e-05
68.60624877929699,20.69392204284669,-8.873574188328348e-06
68.60624877929699,20.837203025817885,3.427778210607357e-05
68.60624877929699,20.98048400878908,3.4526801755419e-05
68.60624877929699,21.123764991760275,4.719464777735993e-05
68.60624877929699,21.26704597473147,1.6774138202890754e-05
68.60624877929699,21.410326957702665,1.1030851055693347e-05
68.60624877929699,21.55360794067386,3.093235500273295e-05
68.60624877929699,21.69688892364505,1.3166302778699901e-05
68.60624877929699,21.840169906616246,2.588365168776363e-05
68.60624877929699,21.98345088958744,2.0992001736885868e-05
68.60624877929699,22.12673187255864,1.974145561689511e-05
68.60624877929699,22.27001285552983,1.5588366295560263e-05
68.60624877929699,22.413293838501023,5.695923027815297e-05
68.60624877929699,22.55657482147222,1.9535729734343477e-05
68.60624877929699,22.699855804443416,1.8792046830640174e-05
68.60624877929699,22.84313678741461,2.086858694383409e-05
68.60624877929699,22.98641777038581,1.982294452318456e-05
68.60624877929699,23.129698753357,2.800630682031624e-05
68.60624877929699,23.272979736328196,2.1716326955356635e-05
68.60624877929699,23.416260719299387,1.3127138117852155e-05
68.60624877929699,23.559541702270582,1.6999489162117243e-05
68.60624877929699,23.702822685241777,-1.047505884343991e-05
68.60624877929699,23.84610366821297,6.532233965117484e-05
68.60624877929699,23.989384651184167,2.3118822355172597e-05
68.60624877929699,24.13266563415536,3.5620509152067825e-05
68.60624877929699,24.27594661712656,3.2559604733251035e-05
68.60624877929699,24.41922760009775,1.5537305444013327e-05
68.60624877929699,24.562508583068944,9.976106412068475e-06
68.60624877929699,24.70578956604014,1.735145451675635e-05
68.74624877929699,20.120798110961918,1.8701108274399303e-05
68.74624877929699,20.26407909393311,2.6009503926616162e-05
68.74624877929699,20.407360076904304,1.945690019056201e-05
68.74624877929699,20.5506410598755,2.246721305709798e-05
68.74624877929699,20.69392204284669,1.971437995962333e-05
68.74624877929699,20.837203025817885,2.2723017536918633e-05
68.74624877929699,20.98048400878908,2.1644420485245064e-05
68.74624877929699,21.123764991760275,1.7661324818618596e-05
68.74624877929699,21.26704597473147,9.406263416167349e-05
68.74624877929699,21.410326957702665,4.312236706027761e-05
68.74624877929699,21.55360794067386,1.1597545380936936e-05
68.74624877929699,21.69688892364505,5.916426744079217e-05
68.74624877929699,21.840169906616246,8.976151548267808e-06
68.74624877929699,21.98345088958744,1.5013820302556269e-05
68.74624877929699,22.12673187255864,0.00012027993943775073
68.74624877929699,22.27001285552983,9.626957034924999e-05
68.74624877929699,22.413293838501023,1.3755354302702472e-05
68.74624877929699,22.55657482147222,
68.74624877929699,22.699855804443416,0.0003183164808433503
68.74624877929699,22.84313678741461,2.4077060515992343e-05
68.74624877929699,22.98641777038581,2.8250991817913018e-05
68.74624877929699,23.129698753357,2.487311212462373e-05
68.74624877929699,23.272979736328196,4.3468047806527466e-05
68.74624877929699,23.416260719299387,1.5859677660046145e-05
68.74624877929699,23.559541702270582,1.9828388758469373e-05
68.74624877929699,23.702822685241777,1.4000954251969233e-05
68.74624877929699,23.84610366821297,7.536628800153267e-06
68.74624877929699,23.989384651184167,7.669731530768331e-06
68.74624877929699,24.13266563415536,1.2604310541064478e-05
68.74624877929699,24.27594661712656,2.0145971575402655e-05
68.74624877929699,24.41922760009775,1.5541700122412294e-05
68.74624877929699,24.562508583068944,2.758104346867185e-05
68.74624877929699,24.70578956604014,1.461939336877549e-05
68.88624877929699,20.120798110961918,0.0002373901370447129
68.88624877929699,20.26407909393311,3.521341204759665e-05
68.88624877929699,20.407360076904304,6.232057785382494e-05
68.88624877929699,20.5506410598755,4.728627573058475e-06
68.88624877929699,20.69392204284669,3.4721724659902975e-06
68.88624877929699,20.837203025817885,4.0767077734926715e-05
68.88624877929699,20.98048400878908,1.765568958944641e-05
68.88624877929699,21.123764991760275,1.5344194252975285e-05
68.88624877929699,21.26704597473147,1.565617094456684e-05
68.88624877929699,21.410326957702665,3.019854375452269e-05
68.88624877929699,21.55360794067386,1.3749460777034983e-05
68.88624877929699,21.69688892364505,1.2219778000144288e-05
68.88624877929699,21.840169906616246,3.364034273545258e-05
68.88624877929699,21.98345088958744,1.3282093505040393e-06
68.88624877929699,22.12673187255864,5.731651617679745e-05
68.88624877929699,22.27001285552983,8.42652480059769e-06
68.88624877929699,22.413293838501023,8.147590051521547e-06
68.88624877929699,22.55657482147222,2.8009977540932596e-05
68.88624877929699,22.699855804443416,5.547626642510295e-05
68.88624877929699,22.84313678741461,4.058997001266107e-05
68.88624877929699,22.98641777038581,1.6397436411352828e-05
68.88624877929699,23.129698753357,3.7434729165397584e-05
68.88624877929699,23.272979736328196,2.4863325961632654e-05
68.88624877929699,23.416260719299387,5.4258143791230395e-05
68.88624877929699,23.559541702270582,1.8348157027503476e-05
68.88624877929699,23.702822685241777,4.081519364262931e-06
68.88624877929699,23.84610366821297,2.8061356715625152e-05
68.88624877929699,23.989384651184167,1.418849660694832e-05
68.88624877929699,24.13266563415536,1.4547637874784414e-05
68.88624877929699,24.27594661712656,1.505329055362381e-05
68.88624877929699,24.41922760009775,2.26586198550649e-05
68.88624877929699,24.562508583068944,3.057560388697311e-05
68.88624877929699,24.70578956604014,3.562877463991754e-05
69.02624877929699,20.120798110961918,1.1353932677593548e-05
69.02624877929699,20.26407909393311,3.868344356305897e-05
69.02624877929699,20.407360076904304,3.1825125915929675e-05
69.02624877929699,20.5506410598755,3.677148561109789e-05
69.02624877929699,20.69392204284669,1.0515357644180767e-05
69.02624877929699,20.837203025817885,1.0138888683286496e-05
69.02624877929699,20.98048400878908,1.0336808372812811e-05
69.02624877929699,21.123764991760275,2.622619467729237e-05
69.02624877929699,21.26704597473147,1.1952729437325615e-05
69.02624877929699,21.410326957702665,1.423737921868451e-05
69.02624877929699,21.55360794067386,4.517538036452606e-05
69.02624877929699,21.69688892364505,2.0823026716243476e-05
69.02624877929699,21.840169906616246,1.6724896340747364e-05
69.02624877929699,21.98345088958744,8.900769898900762e-06
69.02624877929699,22.12673187255864,4.139566590311006e-05
69.02624877929699,22.27001285552983,2.118855991284363e-05
69.02624877929699,22.413293838501023,7.063601970003219e-06
69.02624877929699,22.55657482147222,2.181234594900161e-05
69.02624877929699,22.699855804443416,2.1470441424753517e-05
69.02624877929699,22.84313678741461,2.298671824974008e-05
69.02624877929699,22.98641777038581,1.4079299035074655e-05
69.02624877929699,23.129698753357,0.00010042814392363653
69.02624877929699,23.272979736328196,1.7827824194682762e-05
69.02624877929699,23.416260719299387,1.877707109088078e-05
69.02624877929699,23.559541702270582,3.5122662666253746e-05
69.02624877929699,23.702822685241777,1.3399080671661068e-05
69.02624877929699,23.84610366821297,1.8034083041129634e-05
69.02624877929699,23.989384651184167,3.765267683775164e-05
69.02624877929699,24.13266563415536,1.8821458070306107e-05
69.02624877929699,24.27594661712656,
69.02624877929699,24.41922760009775,2.6580490157357417e-05
69.02624877929699,24.562508583068944,8.082387466856744e-06
69.02624877929699,24.70578956604014,1.9212484403396957e-05
69.16624877929699,20.120798110961918,2.3189551939140074e-05
69.16624877929699,20.26407909393311,3.766765075852163e-05
69.16624877929699,20.407360076904304,2.794428655761294e-05
69.16624877929699,20.5506410598755,5.17588568982319e-06
69.16624877929699,20.69392204284669,8.524932127329521e-06
69.16624877929699,20.837203025817885,3.0425862860283814e-05
69.16624877929699,20.98048400878908,3.1058923923410475e-05
69.16624877929699,21.123764991760275,2.7013564249500632e-05
69.16624877929699,21.26704597473147,1.2410008821461815e-05
69.16624877929699,21.410326957702665,2.6891437300946563e-05
69.16624877929699,21.55360794067386,1.6332824088749476e-05
69.16624877929699,21.69688892364505,1.4586395991500467e-05
69.16624877929699,21.840169906616246,3.578498581191525e-05
69.16624877929699,21.98345088958744,2.6125599106308073e-06
69.16624877929699,22.12673187255864,1.1229116353206336e-05
69.16624877929699,22.27001285552983,4.855758015764877e-05
69.16624877929699,22.413293838501023,1.0291448234056588e-05
69.16624877929699,22.55657482147222,2.0445440895855427e-05
69.16624877929699,22.699855804443416,1.503085240983637e-05
69.16624877929699,22.84313678741461,3.111207843176089e-05
69.16624877929699,22.98641777038581,1.4862624993838836e-05
69.16624877929699,23.129698753357,5.3549458243651316e-05
69.16624877929699,23.272979736328196,2.0153098375885747e-05
69.16624877929699,23.416260719299387,5.9247660828987136e-05
69.16624877929699,23.559541702270582,3.041188756469637e-05
69.16624877929699,23.702822685241777,1.4424699656956363e-05
69.16624877929699,23.84610366821297,2.3501075702370144e-05
69.16624877929699,23.989384651184167,7.314421964110807e-06
69.16624877929699,24.13266563415536,1.911832623591181e-05
69.16624877929699,24.27594661712656,1.7436430425732397e-05
69.16624877929699,24.41922760009775,9.175862032861914e-06
69.16624877929699,24.562508583068944,1.8564265701570548e-05
69.16624877929699,24.70578956604014,1.0165583262278233e-05
69.306248779297,20.120798110961918,1.4479222045338247e-05
69.306248779297,20.26407909393311,2.084691368509084e-05
69.306248779297,20.407360076904304,0.00030518858693540096
69.306248779297,20.5506410598755,5.794945536763407e-05
69.306248779297,20.69392204284669,0.0001669340126682073
69.306248779297,20.837203025817885,3.575001755962148e-05
69.306248779297,20.98048400878908,1.662280919845216e-05
69.306248779297,21.123764991760275,2.038103593804408e-05
69.306248779297,21.26704597473147,1.5296351193683222e-05
69.306248779297,21.410326957702665,
69.306248779297,21.55360794067386,1.3130327715771273e-05
69.306248779297,21.69688892364505,2.863870577130001e-05
69.306248779297,21.840169906616246,1.0104447937919758e-05
69.306248779297,21.98345088958744,2.10218222491676e-05
69.306248779297,22.12673187255864,4.898148375787059e-08
69.306248779297,22.27001285552983,1.6590232917224057e-05
69.306248779297,22.413293838501023,2.9357703169807792e-05
69.306248779297,22.55657482147222,1.8669836208573543e-05
69.306248779297,22.699855804443416,3.2774598366813734e-05
69.306248779297,22.84313678741461,2.2748416085960343e-05
69.306248779297,22.98641777038581,3.073624611715786e-05
69.306248779297,23.129698753357,2.1284182366798632e-05
69.306248779297,23.272979736328196,3.0266150133684278e-05
69.306248779297,23.416260719299387,2.3382610379485413e-05
69.306248779297,23.559541702270582,2.4850069166859612e-05
69.306248779297,23.702822685241777,2.0017918359371834e-05
69.306248779297,23.84610366821297,4.8083096771733835e-05
69.306248779297,23.989384651184167,2.863874578906689e-05
69.306248779297,24.13266563415536,6.090796432545176e-06
69.306248779297,24.27594661712656,3.4488683013478294e-05
69.306248779297,24.41922760009775,3.1207004212774336e-05
69.306248779297,24.562508583068944,1.5746412827866152e-05
69.306248779297,24.70578956604014,5.552643051487394e-05
69.446248779297,20.120798110961918,3.2926418498391286e-05
69.446248779297,20.26407909393311,6.217481131898239e-05
69.446248779297,20.407360076904304,6.763107649021549e-06
69.446248779297,20.5506410598755,1.035325931297848e-05
69.446248779297,20.69392204284669,2.649774614837952e-05
69.446248779297,20.837203025817885,2.4538476282032207e-05
69.446248779297,20.98048400878908,4.6094151912257075e-05
69.446248779297,21.123764991760275,3.519625897752121e-05
69.446248779297,21.26704597473147,1.1493787496874575e-05
69.446248779297,21.410326957702665,9.374281034979504e-06
69.446248779297,21.55360794067386,2.542369838920422e-05
69.446248779297,21.69688892364505,9.345594298793003e-05
69.446248779297,21.840169906616246,1.4481704965874087e-05
69.446248779297,21.98345088958744,8.328734838869423e-05
69.446248779297,22.12673187255864,3.0299246645881794e-05
69.446248779297,22.27001285552983,2.3438240532414056e-05
69.446248779297,22.413293838501023,1.1842499588965438e-05
69.446248779297,22.55657482147222,6.260182271944359e-05
69.446248779297,22.699855804443416,1.407473610015586e-05
69.446248779297,22.84313678741461,1.0834910426638089e-05
69.446248779297,22.98641777038581,2.318451697647106e-05
69.446248779297,23.129698753357,1.7979091353481635e-05
69.446248779297,23.272979736328196,1.6986530681606382e-05
69.446248779297,23.416260719299387,3.0392104235943407e-05
69.446248779297,23.559541702270582,2.1610321709886193e-05
69.446248779297,23.702822685241777,1.90796417882666e-05
69.446248779297,23.84610366821297,1.91697745322017e-05
69.446248779297,23.989384651184167,3.083853152929805e-05
69.446248779297,24.13266563415536,1.4988847397034988e-05
69.446248779297,24.27594661712656,1.3214880709710997e-05
69.446248779297,24.41922760009775,1.3212689736974426e-05
69.446248779297,24.562508583068944,2.9709277441725135e-05
69.446248779297,24.70578956604014,2.2028307284926996e-05
69.586248779297,20.120798110961918,1.4830875443294644e-05
69.586248779297,20.26407909393311,2.2166095732245594e-05
69.586248779297,20.407360076904304,2.88645696855383e-05
69.586248779297,20.5506410598755,3.517509321682155e-05
69.586248779297,20.69392204284669,3.3135170269815717e-06
69.586248779297,20.837203025817885,1.5063628779898863e-05
69.586248779297,20.98048400878908,3.952569022658281e-05
69.586248779297,21.123764991760275,-3.8258761492215854e-07
69.586248779297,21.26704597473147,6.0470151765912306e-06
69.586248779297,21.410326957702665,3.4246044378960505e-05
69.586248779297,21.55360794067386,2.1093392206239514e-05
69.586248779297,21.69688892364505,2.560932443884667e-05
69.586248779297,21.840169906616246,9.198612133332063e-06
69.586248779297,21.98345088958744,7.081395324348705e-06
69.586248779297,22.12673187255864,1.0734326679084916e-05
69.586248779297,22.27001285552983,7.558702236565296e-06
69.586248779297,22.413293838501023,1.93674554793688e-06
69.586248779297,22.55657482147222,2.1674528397852555e-05
69.586248779297,22.699855804443416,1.874709050753154e-05
69.586248779297,22.84313678741461,2.2888303647050634e-05
69.586248779297,22.98641777038581,1.956862979568541e-05
69.586248779297,23.129698753357,1.7465279597672634e-05
69.586248779297,23.272979736328196,5.010725999454735e-06
69.586248779297,23.416260719299387,2.5227256628568284e-05
69.586248779297,23.559541702270582,2.313289587618783e-05
69.586248779297,23.702822685241777,8.896786880541185e-07
69.586248779297,23.84610366821297,-4.811892040379462e-07
69.586248779297,23.989384651184167,
69.586248779297,24.13266563415536,2.5361028747283854e-05
69.586248779297,24.27594661712656,4.959331272402778e-05
69.586248779297,24.41922760009775,2.1500680304598063e-05
69.586248779297,24.562508583068944,2.0045568817295134e-05
69.586248779297,24.70578956604014,3.3855605579447e-05
69.726248779297,20.120798110961918,2.07879002118716e-05
69.726248779297,20.26407909393311,3.380899943294935e-05
69.726248779297,20.407360076904304,1.5344194252975285e-05
69.726248779297,20.5506410598755,2.2095036911196075e-05
69.726248779297,20.69392204284669,1.7033089534379542e-05
69.726248779297,20.837203025817885,3.2375861337641254e-05
69.726248779297,20.98048400878908,2.6047313440358266e-05
69.726248779297,21.123764991760275,2.606602356536314e-05
69.726248779297,21.26704597473147,9.832590149017051e-05
69.726248779297,21.410326957702665,1.734382203721907e-05
69.726248779297,21.55360794067386,2.1089985239086673e-05
69.726248779297,21.69688892364505,2.5350122086820193e-05
69.726248779297,21.840169906616246,1.159937892225571e-05
69.726248779297,21.98345088958744,1.6661269910400733e-05
69.726248779297,22.12673187255864,1.6430436517111957e-05
69.726248779297,22.27001285552983,3.0154982596286573e-05
69.726248779297,22.413293838501023,0.00013064809900242835
69.726248779297,22.55657482147222,2.2504906155518256e-05
69.726248779297,22.699855804443416,6.217073678271845e-05
69.726248779297,22.84313678741461,2.4966751880128868e-05
69.726248779297,22.98641777038581,2.375314215896651e-05
69.726248779297,23.129698753357,1.4668413314211648e-05
69.726248779297,23.272979736328196,2.2345848265103996e-05
69.726248779297,23.416260719299387,3.023782483069226e-05
69.726248779297,23.559541702270582,6.399899575626478e-05
69.726248779297,23.702822685241777,1.5114996131160296e-05
69.726248779297,23.84610366821297,1.1215365702810232e-05
69.726248779297,23.989384651184167,1.734225224936381e-05
69.726248779297,24.13266563415536,1.777253783075139e-05
69.726248779297,24.27594661712656,1.0764552826003637e-05
69.726248779297,24.41922760009775,3.542923150234856e-05
69.726248779297,24.562508583068944,2.2591035303776152e-05
69.726248779297,24.70578956604014,1.7342628780170344e-05
69.866248779297,20.120798110961918,1.683298069110606e-05
69.866248779297,20.26407909393311,1.04623823062866e-05
69.866248779297,20.407360076904304,4.5925444283057004e-05
69.866248779297,20.5506410598755,9.804803084989544e-06
69.866248779297,20.69392204284669,3.822381404461339e-05
69.866248779297,20.837203025817885,1.0455189112690277e-05
69.866248779297,20.98048400878908,1.9056540622841567e-05
69.866248779297,21.123764991760275,2.1833329810760915e-05
69.866248779297,21.26704597473147,0.0001500467915320769
69.866248779297,21.410326957702665,5.288766624289565e-05
69.866248779297,21.55360794067386,7.720786379650235e-05
69.866248779297,21.69688892364505,3.657939669210464e-05
69.866248779297,21.840169906616246,3.246348205721006e-05
69.866248779297,21.98345088958744,3.925109558622353e-05
69.866248779297,22.12673187255864,2.968237458844669e-05
69.866248779297,22.27001285552983,2.1809213649248704e-05
69.866248779297,22.413293838501023,1.7059172023436986e-05
69.866248779297,22.55657482147222,1.126621282310225e-05
69.866248779297,22.699855804443416,2.3776685338816606e-05
69.866248779297,22.84313678741461,2.6374744265922345e-05
69.866248779297,22.98641777038581,5.50750337424688e-06
69.866248779297,23.129698753357,2.0485080312937498e-05
69.866248779297,23.272979736328196,1.829580833145883e-05
69.866248779297,23.416260719299387,1.2845961464336142e-05
69.866248779297,23.559541702270582,3.5074983316008e-05
69.866248779297,23.702822685241777,4.3389780330471694e-05
69.866248779297,23.84610366821297,2.3341464839177206e-05
69.866248779297,23.989384651184167,8.596248335379642e-06
69.866248779297,24.13266563415536,1.5708721548435278e-05
69.866248779297,24.27594661712656,3.9488018956035376e-05
69.866248779297,24.41922760009775,6.947603651497047e-06
69.866248779297,24.562508583068944,1.1150636964885052e-05
69.866248779297,24.70578956604014,6.499064056697534e-06
70.006248779297,20.120798110961918,1.4427961104956921e-05
70.006248779297,20.26407909393311,1.5200355846900493e-05
70.006248779297,20.407360076904304,1.0718622434069403e-05
70.006248779297,20.5506410598755,4.896919563179836e-05
70.006248779297,20.69392204284669,1.0114543329109438e-05
70.006248779297,20.837203025817885,1.4114966688794084e-05
70.006248779297,20.98048400878908,9.254560609406326e-06
70.006248779297,21.123764991760275,2.188300459238235e-05
70.006248779297,21.26704597473147,1.6891412087716162e-05
70.006248779297,21.410326957702665,2.325100103917066e-05
70.006248779297,21.55360794067386,1.213138057210017e-05
70.006248779297,21.69688892364505,2.192973261117004e-05
70.006248779297,21.840169906616246,0.0003476084675639868
70.006248779297,21.98345088958744,0.00010821476462297142
70.006248779297,22.12673187255864,1.7270291209570132e-05
70.006248779297,22.27001285552983,5.1243212510598823e-05
70.006248779297,22.413293838501023,2.0522838894976303e-05
70.006248779297,22.55657482147222,3.9640155591769144e-05
70.006248779297,22.699855804443416,3.062649557250552e-05
70.006248779297,22.84313678741461,2.2222162442631088e-05
70.006248779297,22.98641777038581,
70.006248779297,23.129698753357,5.00729656778276e-05
70.006248779297,23.272979736328196,2.4020755517994985e-05
70.006248779297,23.416260719299387,2.2429219825426117e-05
70.006248779297,23.559541702270582,3.452886812738143e-05
70.006248779297,23.702822685241777,2.1965359337627888e-05
70.006248779297,23.84610366821297,2.6187877665506676e-05
70.006248779297,23.989384651184167,2.6349298423156142e-05
70.006248779297,24.13266563415536,2.2843603801447898e-05
70.006248779297,24.27594661712656,1.4262542208598461e-05
70.006248779297,24.41922760009775,1.2621690984815359e-05
70.006248779297,24.562508583068944,2.9574284781119786e-05
70.006248779297,24.70578956604014,2.3925975256133825e-05
70.146248779297,20.120798110961918,1.6745441826060414e-05
70.146248779297,20.26407909393311,1.7213280443684198e-05
70.146248779297,20.407360076904304,1.0454473340359982e-05
70.146248779297,20.5506410598755,1.603089549462311e-05
70.146248779297,20.69392204284669,4.544596595223993e-05
70.146248779297,20.837203025817885,2.1527775970753282e-05
70.146248779297,20.98048400878908,1.893430635391269e-05
70.146248779297,21.123764991760275,1.588126178830862e-05
70.146248779297,21.26704597473147,5.5242984672077e-05
70.146248779297,21.410326957702665,1.8198452380602248e-05
70.146248779297,21.55360794067386,2.2313128283713013e-05
70.146248779297,21.69688892364505,3.806026143138297e-05
70.146248779297,21.840169906616246,4.53572029073257e-05
70.146248779297,21.98345088958744,1.441299627913395e-05
70.146248779297,22.12673187255864,1.2761998732457869e-05
70.146248779297,22.27001285552983,1.5830766642466187e-05
70.146248779297,22.413293838501023,1.7602780644665472e-05
70.146248779297,22.55657482147222,1.0351791388529819e-05
70.146248779297,22.699855804443416,1.0685975212254561e-05
70.146248779297,22.84313678741461,6.677708006463945e-05
70.146248779297,22.98641777038581,2.1961157472105697e-05
70.146248779297,23.129698753357,1.2655768841796089e-05
70.146248779297,23.272979736328196,2.3216740373754874e-05
70.146248779297,23.416260719299387,1.4250070307753049e-05
70.146248779297,23.559541702270582,2.1311057935236022e-05
70.146248779297,23.702822685241777,1.1551323950698134e-05
70.146248779297,23.84610366821297,4.28967468906194e-05
70.146248779297,23.989384651184167,1.9519342458806932e-05
70.146248779297,24.13266563415536,8.065762813203037e-05
70.146248779297,24.27594661712656,9.519779268885031e-06
70.146248779297,24.41922760009775,7.591893336211797e-06
70.146248779297,24.562508583068944,2.1047906557214446e-05
70.146248779297,24.70578956604014,1.084457016986562e-05
70.286248779297,20.120798110961918,6.222810498002218e-06
70.286248779297,20.26407909393311,7.539063517469913e-06
70.286248779297,20.407360076904304,2.8376791306072846e-05
70.286248779297,20.5506410598755,1.3597168617707212e-05
70.286248779297,20.69392204284669,1.1987888683506753e-05
70.286248779297,20.837203025817885,3.993550126324408e-05
70.286248779297,20.98048400878908,2.9359658583416604e-05
70.286248779297,21.123764991760275,2.3623661036253907e-05
70.286248779297,21.26704597473147,2.6655185138224624e-05
70.286248779297,21.410326957702665,4.590631760947872e-06
70.286248779297,21.55360794067386,2.6630656066117808e-05
70.286248779297,21.69688892364505,1.7237192878383212e-05
70.286248779297,21.840169906616246,2.0232226233929396e-05
70.286248779297,21.98345088958744,1.957935091922991e-05
70.286248779297,22.12673187255864,1.6846848666318692e-05
70.286248779297,22.27001285552983,7.077614282025024e-05
70.286248779297,22.413293838501023,2.0165280147921294e-05
70.286248779297,22.55657482147222,6.308415322564542e-05
70.286248779297,22.699855804443416,3.198512422386557e-05
70.286248779297,22.84313678741461,2.466818295943085e-05
70.286248779297,22.98641777038581,1.7562118955538608e-05
70.286248779297,23.129698753357,3.893023313139565e-05
70.286248779297,23.272979736328196,2.2780201106797904e-05
70.286248779297,23.416260719299387,2.4052571461652406e-05
70.286248779297,23.559541702270582,3.561935591278598e-05
70.286248779297,23.702822685241777,1.3108088751323521e-05
70.286248779297,23.84610366821297,1.5653798982384615e-05
70.286248779297,23.989384651184167,1.8143760826205835e-05
70.286248779297,24.13266563415536,1.5488481949432753e-05
70.286248779297,24.27594661712656,9.273277100874111e-06
70.286248779297,24.41922760009775,2.5346897018607706e-05
70.286248779297,24.562508583068944,2.4155024220817722e-05
70.286248779297,24.70578956604014,6.52538847134565e-06
70.426248779297,20.120798110961918,1.858014911704231e-05
70.426248779297,20.26407909393311,2.2977877961238846e-05
70.426248779297,20.407360076904304,3.6769823054783046e-05
70.426248779297,20.5506410598755,2.3942482584971003e-05
70.426248779297,20.69392204284669,1.4877551620884333e-05
70.426248779297,20.837203025817885,1.452117612643633e-05
70.426248779297,20.98048400878908,1.4663462025055196e-05
70.426248779297,21.123764991760275,2.983176636917051e-05
70.426248779297,21.26704597473147,1.3621896869153716e-05
70.426248779297,21.410326957702665,1.0529518476687372e-05
70.426248779297,21.55360794067386,1.6156081983353943e-05
70.426248779297,21.69688892364505,3.011712760780938e-05
70.426248779297,21.840169906616246,1.7035286873579025e-05
70.426248779297,21.98345088958744,1.3523609595722519e-05
70.426248779297,22.12673187255864,4.3957814341410995e-05
70.426248779297,22.27001285552983,1.7853823010227643e-05
70.426248779297,22.413293838501023,7.396697765216231e-05
70.426248779297,22.55657482147222,4.127581632928923e-05
70.426248779297,22.699855804443416,4.2984000174328685e-05
70.426248779297,22.84313678741461,1.1174121027579531e-05
70.426248779297,22.98641777038581,2.402619611530099e-05
70.426248779297,23.129698753357,1.1823583918157965e-05
70.426248779297,23.272979736328196,2.189300903410185e-05
70.426248779297,23.416260719299387,2.5110613933065906e-05
70.426248779297,23.559541702270582,
70.426248779297,23.702822685241777,1.5165928743954282e-05
70.426248779297,23.84610366821297,3.186477624694817e-05
70.426248779297,23.989384651184167,1.7911457689478993e-05
70.426248779297,24.13266563415536,1.4598433153878432e-05
70.426248779297,24.27594661712656,1.2853549378633033e-05
70.426248779297,24.41922760009775,1.6782865714048967e-05
70.426248779297,24.562508583068944,1.6138215869432315e-05
70.426248779297,24.70578956604014,3.20257167913951e-05
70.566248779297,20.120798110961918,2.648079680511728e-05
70.566248779297,20.26407909393311,1.5357840311480686e-05
70.566248779297,20.407360076904304,2.2454452846432105e-05
70.566248779297,20.5506410598755,2.8953429136890918e-05
70.566248779297,20.69392204284669,1.6538951967959292e-05
70.566248779297,20.837203025817885,8.770129352342337e-05
70.566248779297,20.98048400878908,1.4249249034037348e-05
70.566248779297,21.123764991760275,2.3513151973020285e-05
70.566248779297,21.26704597473147,2.4218157705035992e-05
70.566248779297,21.410326957702665,1.359737325401511e-05
70.566248779297,21.55360794067386,2.422223042231053e-05
70.566248779297,21.69688892364505,1.4259208001021761e-05
70.566248779297,21.840169906616246,1.9226437871111557e-05
70.566248779297,21.98345088958744,2.667599437700119e-05
70.566248779297,22.12673187255864,2.5906687369570136e-05
70.566248779297,22.27001285552983,1.091791273211129e-05
70.566248779297,22.413293838501023,2.3937103833304718e-05
70.566248779297,22.55657482147222,6.345718429656699e-05
70.566248779297,22.699855804443416,4.825792530027684e-06
70.566248779297,22.84313678741461,1.9224913557991385e-05
70.566248779297,22.98641777038581,2.3040784071781673e-05
70.566248779297,23.129698753357,1.8883225493482314e-05
70.566248779297,23.272979736328196,1.4086781447986141e-05
70.566248779297,23.416260719299387,2.7138761652167886e-05
70.566248779297,23.559541702270582,1.2053033060510643e-05
70.566248779297,23.702822685241777,1.5117105249373708e-05
70.566248779297,23.84610366821297,3.690451922011562e-05
70.566248779297,23.989384651184167,1.1587117114686407e-05
70.566248779297,24.13266563415536,2.9272190658957697e-05
70.566248779297,24.27594661712656,2.0561899873428047e-05
70.566248779297,24.41922760009775,2.7721753212972544e-05
70.566248779297,24.562508583068944,1.710057222226169e-05
70.566248779297,24.70578956604014,3.920989456673851e-06
70.706248779297,20.120798110961918,1.732683631416876e-05
70.706248779297,20.26407909393311,1.1577704754017759e-05
70.706248779297,20.407360076904304,2.085757296299562e-05
70.706248779297,20.5506410598755,0.00013901003694627434
70.706248779297,20.69392204284669,4.13380294048693e-05
70.706248779297,20.837203025817885,1.7705242498777807e-05
70.706248779297,20.98048400878908,6.410730566130951e-05
70.706248779297,21.123764991760275,5.020524895371636e-06
70.706248779297,21.26704597473147,2.0282122932258062e-05
70.706248779297,21.410326957702665,1.4069873941480182e-05
70.706248779297,21.55360794067386,2.9465365514624864e-05
70.706248779297,21.69688892364505,4.903826265945099e-06
70.706248779297,21.840169906616246,5.1859791710739955e-05
70.706248779297,21.98345088958744,1.7517682863399386e-05
70.706248779297,22.12673187255864,1.998298648686614e-05
70.706248779297,22.27001285552983,1.2422849977156147e-05
70.706248779297,22.413293838501023,2.2389871446648613e-05
70.706248779297,22.55657482147222,1.3124084034643602e-05
70.706248779297,22.699855804443416,3.6384273698786274e-05
70.706248779297,22.84313678741461,4.7357780204038136e-06
70.706248779297,22.98641777038581,1.8134807760361582e-05
70.706248779297,23.129698753357,4.397358497953974e-05
70.706248779297,23.272979736328196,3.716530045494437e-05
70.706248779297,23.416260719299387,4.6346358431037515e-05
70.706248779297,23.559541702270582,1.123292440752266e-05
70.706248779297,23.702822685241777,2.8649536034208722e-05
70.706248779297,23.84610366821297,3.633931919466704e-05
70.706248779297,23.989384651184167,-3.8089567624410847e-06
70.706248779297,24.13266563415536,5.232463081483729e-05
70.706248779297,24.27594661712656,1.4823352103121579e-05
70.706248779297,24.41922760009775,4.0274171624332666e-05
70.706248779297,24.562508583068944,1.919261740113143e-05
70.706248779297,24.70578956604014,1.5835525118745863e-05
70.846248779297,20.120798110961918,1.7185791875817813e-05
70.846248779297,20.26407909393311,-6.654700882791076e-06
70.846248779297,20.407360076904304,1.5682080629630946e-05
70.846248779297,20.5506410598755,6.598714207939338e-06
70.846248779297,20.69392204284669,1.762057945597917e-05
70.846248779297,20.837203025817885,1.8892413208959624e-05
70.846248779297,20.98048400878908,4.766368874697946e-05
70.846248779297,21.123764991760275,1.6493357179570012e-05
70.846248779297,21.26704597473147,2.0180988940410316e-05
70.846248779297,21.410326957702665,3.1999912607716396e-05
70.846248779297,21.55360794067386,5.6844855862436816e-05
70.846248779297,21.69688892364505,1.691634679445997e-05
70.846248779297,21.840169906616246,2.3217506168293767e-05
70.846248779297,21.98345088958744,7.150034798542038e-05
70.846248779297,22.12673187255864,7.536628800153267e-06
70.846248779297,22.27001285552983,3.4897639125119895e-05
70.846248779297,22.413293838501023,2.1410225599538535e-05
70.846248779297,22.55657482147222,5.2543407946359366e-05
70.846248779297,22.699855804443416,1.990585406019818e-05
70.846248779297,22.84313678741461,2.344660970265977e-05
70.846248779297,22.98641777038581,4.285451723262668e-06
70.846248779297,23.129698753357,1.6675398001098074e-05
70.846248779297,23.272979736328196,2.1255755200400017e-05
70.846248779297,23.416260719299387,3.2122490665642545e-05
70.846248779297,23.559541702270582,2.2714986698701978e-05
70.846248779297,23.702822685241777,1.591142063261941e-05
70.846248779297,23.84610366821297,1.4675434613309335e-05
70.846248779297,23.989384651184167,3.57258140866179e-05
70.846248779297,24.13266563415536,7.418522272928385e-06
70.846248779297,24.27594661712656,7.225351509987377e-06
70.846248779297,24.41922760009775,3.740170723176561e-05
70.846248779297,24.562508583068944,2.388882785453461e-05
70.846248779297,24.70578956604014,1.4055674910196103e-05
70.986248779297,20.120798110961918,2.0793970179511234e-05
70.986248779297,20.26407909393311,4.396103759063408e-05
70.986248779297,20.407360076904304,1.295690526603721e-05
70.986248779297,20.5506410598755,2.4110935555654578e-05
70.986248779297,20.69392204284669,0.00014527127495966852
70.986248779297,20.837203025817885,1.980861634365283e-05
70.986248779297,20.98048400878908,0.0002641064638737589
70.986248779297,21.123764991760275,2.099218727380503e-05
70.986248779297,21.26704597473147,3.658933565020561e-05
70.986248779297,21.410326957702665,1.6447113011963665e-05
70.986248779297,21.55360794067386,1.4376212675415445e-05
70.986248779297,21.69688892364505,2.460352516209241e-05
70.986248779297,21.840169906616246,2.546076211729087e-05
70.986248779297,21.98345088958744,2.85247660940513e-05
70.986248779297,22.12673187255864,1.1673560948111117e-05
70.986248779297,22.27001285552983,1.6046476957853884e-05
70.986248779297,22.413293838501023,2.431809662084561e-05
70.986248779297,22.55657482147222,1.857768620538991e-05
70.986248779297,22.699855804443416,1.305004843743518e-05
70.986248779297,22.84313678741461,1.6674126527504995e-05
70.986248779297,22.98641777038581,1.719630745355971e-05
70.986248779297,23.129698753357,3.6241606721887365e-05
70.986248779297,23.272979736328196,3.224606189178303e-05
70.986248779297,23.416260719299387,5.217506259214133e-05
70.986248779297,23.559541702270582,2.427668368909508e-05
70.986248779297,23.702822685241777,5.597391918854555e-06
70.986248779297,23.84610366821297,4.02471014240291e-05
70.986248779297,23.989384651184167,5.8498884754953906e-05
70.986248779297,24.13266563415536,9.02885221876204e-06
70.986248779297,24.27594661712656,2.1447274775709957e-05
70.986248779297,24.41922760009775,2.5491658561804798e-06
70.986248779297,24.562508583068944,3.322397606098093e-05
70.986248779297,24.70578956604014,6.365701847244054e-05
71.126248779297,20.120798110961918,1.7300004401477054e-05
71.126248779297,20.26407909393311,3.1732684874441475e-05
71.126248779297,20.407360076904304,1.8023418306256644e-05
71.126248779297,20.5506410598755,2.047111229330767e-05
71.126248779297,20.69392204284669,1.7008129361784086e-05
71.126248779297,20.837203025817885,8.654704288346693e-06
71.126248779297,20.98048400878908,1.437612263543997e-05
71.126248779297,21.123764991760275,2.6743438866105862e-05
71.126248779297,21.26704597473147,1.8111333702108823e-05
71.126248779297,21.410326957702665,1.634480395296123e-05
71.126248779297,21.55360794067386,4.3957814341410995e-05
71.126248779297,21.69688892364505,3.392804865143262e-05
71.126248779297,21.840169906616246,1.3281441169965547e-05
71.126248779297,21.98345088958744,5.630799478240078e-06
71.126248779297,22.12673187255864,3.768211172427982e-05
71.126248779297,22.27001285552983,2.081343154713977e-05
71.126248779297,22.413293838501023,2.25074418267468e-05
71.126248779297,22.55657482147222,9.41759572015144e-06
71.126248779297,22.699855804443416,8.977597644843627e-06
71.126248779297,22.84313678741461,2.002684232138563e-05
71.126248779297,22.98641777038581,2.383453283982817e-05
71.126248779297,23.129698753357,1.192427589558065e-05
71.126248779297,23.272979736328196,1.882600372482557e-05
71.126248779297,23.416260719299387,2.801424852805212e-05
71.126248779297,23.559541702270582,2.6691439416026697e-05
71.126248779297,23.702822685241777,2.2364869437296875e-05
71.126248779297,23.84610366821297,8.419164805673063e-05
71.126248779297,23.989384651184167,2.6764144422486424e-05
71.126248779297,24.13266563415536,9.14933843887411e-06
71.126248779297,24.27594661712656,2.234794374089688e-05
71.126248779297,24.41922760009775,1.5409876141347922e-05
71.126248779297,24.562508583068944,3.889293293468654e-05
71.126248779297,24.70578956604014,2.8047570594935678e-05
71.266248779297,20.120798110961918,6.988057430135086e-05
71.266248779297,20.26407909393311,2.4125396521412767e-05
71.266248779297,20.407360076904304,2.6359168259659782e-05
71.266248779297,20.5506410598755,2.0610959836631082e-05
71.266248779297,20.69392204284669,2.0659737856476568e-05
71.266248779297,20.837203025817885,1.2613870239874814e-05
71.266248779297,20.98048400878908,1.532631904410664e-05
71.266248779297,21.123764991760275,2.028420385613572e-05
71.266248779297,21.26704597473147,1.0254127118969336e-05
71.266248779297,21.410326957702665,2.12555933103431e-05
71.266248779297,21.55360794067386,4.536634514806792e-05
71.266248779297,21.69688892364505,1.600966788828373e-05
71.266248779297,21.840169906616246,4.953127245244104e-06
71.266248779297,21.98345088958744,3.484066473902203e-05
71.266248779297,22.12673187255864,1.3676513844984584e-05
71.266248779297,22.27001285552983,2.5742028810782358e-05
71.266248779297,22.413293838501023,2.4448780095553957e-05
71.266248779297,22.55657482147222,3.586874663596973e-05
71.266248779297,22.699855804443416,1.0107211892318446e-05
71.266248779297,22.84313678741461,1.0349341209803242e-05
71.266248779297,22.98641777038581,1.796464312064927e-05
71.266248779297,23.129698753357,7.280358840944245e-05
71.266248779297,23.272979736328196,1.8898144844570197e-05
71.266248779297,23.416260719299387,1.5057372365845367e-05
71.266248779297,23.559541702270582,3.175030360580422e-05
71.266248779297,23.702822685241777,2.072506322292611e-05
71.266248779297,23.84610366821297,1.759163205861114e-05
71.266248779297,23.989384651184167,1.341030110779684e-05
71.266248779297,24.13266563415536,5.600511212833226e-05
71.266248779297,24.27594661712656,5.180044536245987e-05
71.266248779297,24.41922760009775,2.052531453955453e-05
71.266248779297,24.562508583068944,7.667679710721131e-06
71.266248779297,24.70578956604014,9.94150286715012e-06
71.406248779297,20.120798110961918,2.3651735318708234e-05
71.406248779297,20.26407909393311,2.896538353525102e-05
71.406248779297,20.407360076904304,2.0766330635524355e-05
71.406248779297,20.5506410598755,5.75313833905966e-06
71.406248779297,20.69392204284669,1.5363522834377363e-05
71.406248779297,20.837203025817885,1.0580828529782593e-05
71.406248779297,20.98048400878908,2.7599246095633134e-05
71.406248779297,21.123764991760275,1.4350615856528748e-05
71.406248779297,21.26704597473147,1.73938533407636e-05
71.406248779297,21.410326957702665,2.5786303012864664e-05
71.406248779297,21.55360794067386,3.7304696888895705e-05
71.406248779297,21.69688892364505,2.9479133445420302e-05
71.406248779297,21.840169906616246,1.1625150364125147e-05
71.406248779297,21.98345088958744,2.4501623556716368e-05
71.406248779297,22.12673187255864,1.4582748008251656e-05
71.406248779297,22.27001285552983,2.9278842703206465e-05
71.406248779297,22.413293838501023,2.562320514698513e-05
71.406248779297,22.55657482147222,1.5055017684062477e-05
71.406248779297,22.699855804443416,4.641225314117037e-05
71.406248779297,22.84313678741461,2.8025455321767367e-05
71.406248779297,22.98641777038581,1.2950350537721533e-05
71.406248779297,23.129698753357,5.4799045756226406e-05
71.406248779297,23.272979736328196,1.1576815268199425e-05
71.406248779297,23.416260719299387,1.1971128515142482e-05
71.406248779297,23.559541702270582,2.7085498004453257e-05
71.406248779297,23.702822685241777,1.928017991303932e-05
71.406248779297,23.84610366821297,4.763787364936434e-05
71.406248779297,23.989384651184167,2.9751301553915255e-05
71.406248779297,24.13266563415536,1.4288179954746738e-05
71.406248779297,24.27594661712656,4.510575672611594e-05
71.406248779297,24.41922760009775,3.4241616958752275e-05
71.406248779297,24.562508583068944,1.8151424228562973e-05
71.406248779297,24.70578956604014,
71.546248779297,20.120798110961918,1.4066009498492349e-05
71.546248779297,20.26407909393311,2.4133165425155312e-05
71.546248779297,20.407360076904304,1.0771405868581496e-05
71.546248779297,20.5506410598755,1.0516409020056017e-05
71.546248779297,20.69392204284669,2.7832627893076278e-05
71.546248779297,20.837203025817885,2.4785193090792745e-05
71.546248779297,20.98048400878908,1.4642804671893828e-05
71.546248779297,21.123764991760275,2.8617843781830743e-05
71.546248779297,21.26704597473147,3.124497743556276e-05
71.546248779297,21.410326957702665,1.5790845282026567e-05
71.546248779297,21.55360794067386,7.241884304676205e-06
71.546248779297,21.69688892364505,6.214278255356476e-05
71.546248779297,21.840169906616246,2.3654634787817486e-05
71.546248779297,21.98345088958744,9.230689101968892e-06
71.546248779297,22.12673187255864,2.9933940822957084e-05
71.546248779297,22.27001285552983,8.79538492881693e-06
71.546248779297,22.413293838501023,1.678922853898257e-05
71.546248779297,22.55657482147222,1.031522606353974e-05
71.546248779297,22.699855804443416,1.891759893624112e-05
71.546248779297,22.84313678741461,1.1735096450138371e-05
71.546248779297,22.98641777038581,1.833594069466926e-05
71.546248779297,23.129698753357,1.948833050846588e-05
71.546248779297,23.272979736328196,3.8696987758157775e-05
71.546248779297,23.416260719299387,8.270513353636488e-05
71.546248779297,23.559541702270582,2.5717763492139056e-05
71.546248779297,23.702822685241777,3.0922230962460162e-06
71.546248779297,23.84610366821297,1.9069488189416006e-05
71.546248779297,23.989384651184167,2.640280217747204e-05
71.546248779297,24.13266563415536,1.5573645214317366e-05
71.546248779297,24.27594661712656,2.9086493668728508e-05
71.546248779297,24.41922760009775,1.529437577119097e-05
71.546248779297,24.562508583068944,4.92292529088445e-05
71.546248779297,24.70578956604014,1.4929913959349506e-05
71.686248779297,20.120798110961918,1.6547406630706973e-05
71.686248779297,20.26407909393311,1.8041539078694768e-05
71.686248779297,20.407360076904304,1.9749635612242855e-05
71.686248779297,20.5506410598755,4.831235492019914e-05
71.686248779297,20.69392204284669,2.865123860829044e-05
71.686248779297,20.837203025817885,4.3901422031922266e-05
71.686248779297,20.98048400878908,1.785963286238257e-05
71.686248779297,21.123764991760275,3.627184560173191e-05
71.686248779297,21.26704597473147,1.4076093975745607e-05
71.686248779297,21.410326957702665,3.206840483471751e-05
71.686248779297,21.55360794067386,1.6637595763313584e-05
71.686248779297,21.69688892364505,2.0710023818537593e-05
71.686248779297,21.840169906616246,3.303055200376548e-05
71.686248779297,21.98345088958744,3.25762594002299e-05
71.686248779297,22.12673187255864,2.4367827791138552e-05
71.686248779297,22.27001285552983,6.164800197439035e-06
71.686248779297,22.413293838501023,1.1508216630318202e-05
71.686248779297,22.55657482147222,1.0599523193377536e-05
71.686248779297,22.699855804443416,3.0494347811327316e-05
71.686248779297,22.84313678741461,8.763839105085935e-06
71.686248779297,22.98641777038581,1.7952164853340946e-05
71.686248779297,23.129698753357,2.253873026347719e-05
71.686248779297,23.272979736328196,9.207210496242624e-06
71.686248779297,23.416260719299387,1.3547055459639523e-05
71.686248779297,23.559541702270582,1.4389002899406478e-05
71.686248779297,23.702822685241777,1.4719675164087676e-05
71.686248779297,23.84610366821297,3.249754445278086e-05
71.686248779297,23.989384651184167,4.73870522910147e-06
71.686248779297,24.13266563415536,1.4739008292963263e-05
71.686248779297,24.27594661712656,1.5453369996976107e-05
71.686248779297,24.41922760009775,2.1073574316687882e-05
71.686248779297,24.562508583068944,7.606286999362055e-06
71.686248779297,24.70578956604014,2.907939415308647e-05
71.826248779297,20.120798110961918,2.5207307771779597e-05
71.826248779297,20.26407909393311,0.00027796978247351944
71.826248779297,20.407360076904304,2.1246894903015345e-05
71.826248779297,20.5506410598755,0.0005557069089263678
71.826248779297,20.69392204284669,1.88398698810488e-05
71.826248779297,20.837203025817885,4.25562757300213e-05
71.826248779297,20.98048400878908,1.0891397323575802e-05
71.826248779297,21.123764991760275,-7.522634177803411e-07
71.826248779297,21.26704597473147,3.743061824934557e-05
71.826248779297,21.410326957702665,1.747860551404301e-05
71.826248779297,21.55360794067386,3.0462768336292356e-05
71.826248779297,21.69688892364505,1.262054229300702e-05
71.826248779297,21.840169906616246,1.1599054232647177e-05
71.826248779297,21.98345088958744,6.670305447187275e-05
71.826248779297,22.12673187255864,8.282200724352151e-06
71.826248779297,22.27001285552983,2.795447926473571e-06
71.826248779297,22.413293838501023,2.7274527383269742e-05
71.826248779297,22.55657482147222,1.7307151210843585e-05
71.826248779297,22.699855804443416,1.6873658751137555e-05
71.826248779297,22.84313678741461,5.372711893869564e-05
71.826248779297,22.98641777038581,1.4223181096895132e-05
71.826248779297,23.129698753357,8.525716111762449e-05
71.826248779297,23.272979736328196,1.597791924723424e-05
71.826248779297,23.416260719299387,2.4418775865342468e-05
71.826248779297,23.559541702270582,-4.403772436489817e-06
71.826248779297,23.702822685241777,1.436802267562598e-05
71.826248779297,23.84610366821297,3.061811003135517e-05
71.826248779297,23.989384651184167,2.230566860816907e-05
71.826248779297,24.13266563415536,1.5473468010895886e-05
71.826248779297,24.27594661712656,3.119390385109e-05
71.826248779297,24.41922760009775,2.9650194846908562e-05
71.826248779297,24.562508583068944,1.8246268155053258e-05
71.826248779297,24.70578956604014,1.3676740309165325e-05
71.966248779297,20.120798110961918,2.4104372641886584e-05
71.966248779297,20.26407909393311,1.5880197679507546e-05
71.966248779297,20.407360076904304,1.4453330550168175e-05
71.966248779297,20.5506410598755,4.291981167625636e-05
71.966248779297,20.69392204284669,1.4903695046086796e-05
71.966248779297,20.837203025817885,2.087526627292391e-05
71.966248779297,20.98048400878908,2.2307322069536895e-05
71.966248779297,21.123764991760275,2.6144851290155202e-05
71.966248779297,21.26704597473147,2.2358624846674502e-05
71.966248779297,21.410326957702665,3.9274265873245895e-05
71.966248779297,21.55360794067386,1.7489237507106736e-05
71.966248779297,21.69688892364505,1.6441414118162356e-05
71.966248779297,21.840169906616246,2.7319056243868545e-05
71.966248779297,21.98345088958744,3.1098181807465153e-07
71.966248779297,22.12673187255864,2.0422918169060722e-05
71.966248779297,22.27001285552983,1.3456655324262101e-05
71.966248779297,22.413293838501023,1.9355227777850814e-05
71.966248779297,22.55657482147222,2.2405276467907242e-05
71.966248779297,22.699855804443416,1.938978493853938e-05
71.966248779297,22.84313678741461,1.3531058357330039e-05
71.966248779297,22.98641777038581,5.815579697809881e-06
71.966248779297,23.129698753357,1.457732287235558e-05
71.966248779297,23.272979736328196,1.5899000572972e-05
71.966248779297,23.416260719299387,1.4765618288947735e-05
71.966248779297,23.559541702270582,1.2803646313841455e-05
71.966248779297,23.702822685241777,7.506791916966904e-06
71.966248779297,23.84610366821297,1.6650190445943736e-05
71.966248779297,23.989384651184167,2.6039535441668704e-05
71.966248779297,24.13266563415536,2.09224563150201e-05
71.966248779297,24.27594661712656,1.3246384696685709e-05
71.966248779297,24.41922760009775,0.00015383436402771622
71.966248779297,24.562508583068944,5.547979981201934e-06
71.966248779297,24.70578956604014,4.217164314468391e-05
72.106248779297,20.120798110961918,2.5047926101251505e-05
72.106248779297,20.26407909393311,8.82946824276587e-06
72.106248779297,20.407360076904304,3.427579940762371e-05
72.106248779297,20.5506410598755,1.853054345701821e-05
72.106248779297,20.69392204284669,7.302957965293899e-05
72.106248779297,20.837203025817885,1.1942407581955194e-05
72.106248779297,20.98048400878908,1.6214827383009833e-06
72.106248779297,21.123764991760275,2.3937103833304718e-05
72.106248779297,21.26704597473147,6.217626378202112e-06
72.106248779297,21.410326957702665,2.503947871446144e-05
72.106248779297,21.55360794067386,3.591893982957117e-05
72.106248779297,21.69688892364505,2.008645242312923e-05
72.106248779297,21.840169906616246,1.0911415301961824e-05
72.106248779297,21.98345088958744,3.0129580409266055e-05
72.106248779297,22.12673187255864,1.839163451222703e-05
72.106248779297,22.27001285552983,2.6592773792799562e-05
72.106248779297,22.413293838501023,2.1786074285046197e-05
72.106248779297,22.55657482147222,2.2609858206124045e-05
72.106248779297,22.699855804443416,2.173875691369176e-05
72.106248779297,22.84313678741461,2.392224268987775e-05
72.106248779297,22.98641777038581,1.594913555891253e-05
72.106248779297,23.129698753357,2.0532510461634956e-05
72.106248779297,23.272979736328196,2.517696157156024e-05
72.106248779297,23.416260719299387,1.0189901331614237e-05
72.106248779297,23.559541702270582,1.2008584235445596e-05
72.106248779297,23.702822685241777,1.6893987776711583e-05
72.106248779297,23.84610366821297,-7.957047273521312e-06
72.106248779297,23.989384651184167,2.297510036441963e-05
72.106248779297,24.13266563415536,5.2117400628048927e-05
72.106248779297,24.27594661712656,3.6905228625983e-05
72.106248779297,24.41922760009775,3.84862642022199e-06
72.106248779297,24.562508583068944,1.3739490896114148e-05
72.106248779297,24.70578956604014,7.359805749729276e-06
72.246248779297,20.120798110961918,1.8321310562896542e-05
72.246248779297,20.26407909393311,8.288090612040833e-06
72.246248779297,20.407360076904304,3.582701174309477e-05
72.246248779297,20.5506410598755,1.1473098311398644e-05
72.246248779297,20.69392204284669,1.1009909940185025e-05
72.246248779297,20.837203025817885,3.242602906539105e-05
72.246248779297,20.98048400878908,1.8793687559082173e-05
72.246248779297,21.123764991760275,2.399708318989724e-05
72.246248779297,21.26704597473147,-8.476562470605131e-06
72.246248779297,21.410326957702665,1.323382184637012e-05
72.246248779297,21.55360794067386,1.733715907903388e-05
72.246248779297,21.69688892364505,1.976600833586417e-05
72.246248779297,21.840169906616246,3.020299664058257e-05
72.246248779297,21.98345088958744,1.1024888408428524e-05
72.246248779297,22.12673187255864,1.1005657142959535e-05
72.246248779297,22.27001285552983,3.156296952511184e-05
72.246248779297,22.413293838501023,2.4155106075340882e-05
72.246248779297,22.55657482147222,1.397886353515787e-05
72.246248779297,22.699855804443416,1.3071390640106983e-05
72.246248779297,22.84313678741461,1.3680499250767753e-05
72.246248779297,22.98641777038581,1.6008232705644332e-05
72.246248779297,23.129698753357,2.955819945782423e-05
72.246248779297,23.272979736328196,3.102402843069285e-05
72.246248779297,23.416260719299387,2.2746740796719678e-05
72.246248779297,23.559541702270582,1.630842780286912e-05
72.246248779297,23.702822685241777,1.059782698575873e-05
72.246248779297,23.84610366821297,2.8953894798178226e-05
72.246248779297,23.989384651184167,2.988217238453217e-05
72.246248779297,24.13266563415536,1.4002997886564117e-05
72.246248779297,24.27594661712656,2.0727882201754255e-06
72.246248779297,24.41922760009775,1.8598559108795598e-05
72.246248779297,24.562508583068944,2.1834448489244096e-05
72.246248779297,24.70578956604014,1.750952287693508e-05
72.386248779297,20.120798110961918,1.6430436517111957e-05
72.386248779297,20.26407909393311,1.1154565981996711e-05
72.386248779297,20.407360076904304,8.207427890738472e-05
72.386248779297,20.5506410598755,1.3276063327793963e-05
72.386248779297,20.69392204284669,2.3039216102915816e-05
72.386248779297,20.837203025817885,3.54649564542342e-05
72.386248779297,20.98048400878908,5.465639787871623e-06
72.386248779297,21.123764991760275,1.4976510101405438e-05
72.386248779297,21.26704597473147,4.128162618144415e-05
72.386248779297,21.410326957702665,9.277348908653948e-06
72.386248779297,21.55360794067386,5.409122877608752e-06
72.386248779297,21.69688892364505,3.182200453011319e-05
72.386248779297,21.840169906616246,4.007748793810606e-05
72.386248779297,21.98345088958744,2.1972811737214215e-05
72.386248779297,22.12673187255864,2.4302098609041423e-05
72.386248779297,22.27001285552983,1.3382810720941052e-05
72.386248779297,22.413293838501023,2.2199461454874836e-05
72.386248779297,22.55657482147222,2.779753049253486e-05
72.386248779297,22.699855804443416,2.5481884222244844e-05
72.386248779297,22.84313678741461,1.6287542166537605e-05
72.386248779297,22.98641777038581,2.4334884074050933e-05
72.386248779297,23.129698753357,4.52469103038311e-05
72.386248779297,23.272979736328196,1.7026966816047207e-05
72.386248779297,23.416260719299387,1.6006357327569276e-05
72.386248779297,23.559541702270582,1.4282749361882452e-05
72.386248779297,23.702822685241777,2.0262965335859917e-05
72.386248779297,23.84610366821297,-1.490897602707264e-06
72.386248779297,23.989384651184167,1.2942600733367726e-05
72.386248779297,24.13266563415536,9.586809028405696e-06
72.386248779297,24.27594661712656,1.0725662832555827e-05
72.386248779297,24.41922760009775,1.2670180694840383e-05
72.386248779297,24.562508583068944,2.203764051955659e-05
72.386248779297,24.70578956604014,1.1820148756669369e-05
72.526248779297,20.120798110961918,2.025334833888337e-05
72.526248779297,20.26407909393311,2.3289416276384145e-05
72.526248779297,20.407360076904304,1.4551674212270882e-05
72.526248779297,20.5506410598755,1.8090282537741587e-05
72.526248779297,20.69392204284669,2.0914036213071086e-05
72.526248779297,20.837203025817885,1.69717659446178e-05
72.526248779297,20.98048400878908,1.5914989489829168e-05
72.526248779297,21.123764991760275,1.59208539116662e-05
72.526248779297,21.26704597473147,1.9234648789279163e-05
72.526248779297,21.410326957702665,1.9046536181122065e-05
72.526248779297,21.55360794067386,2.1449910491355695e-05
72.526248779297,21.69688892364505,8.67401195137063e-06
72.526248779297,21.840169906616246,1.267080006073229e-05
72.526248779297,21.98345088958744,1.3053184375166893e-05
72.526248779297,22.12673187255864,1.8849952539312653e-05
72.526248779297,22.27001285552983,2.8336242394289002e-05
72.526248779297,22.413293838501023,1.9094648450845852e-05
72.526248779297,22.55657482147222,1.623452772037126e-05
72.526248779297,22.699855804443416,3.0307710403576493e-05
72.526248779297,22.84313678741461,1.564016201882623e-05
72.526248779297,22.98641777038581,2.3786682504578494e-05
72.526248779297,23.129698753357,2.959855692097335e-06
72.526248779297,23.272979736328196,2.640280217747204e-05
72.526248779297,23.416260719299387,1.3685964404430706e-05
72.526248779297,23.559541702270582,1.4715395082021132e-05
72.526248779297,23.702822685241777,2.654306990734767e-05
72.526248779297,23.84610366821297,2.9339315005927347e-05
72.526248779297,23.989384651184167,2.083622894133441e-05
72.526248779297,24.13266563415536,3.253757313359529e-05
72.526248779297,24.27594661712656,2.0022152966703288e-05
72.526248779297,24.41922760009775,2.5894081773003563e-05
72.526248779297,24.562508583068944,2.654720810824074e-05
72.526248779297,24.70578956604014,3.145867231069133e-05
72.666248779297,20.120798110961918,2.0652872990467586e-05
72.666248779297,20.26407909393311,1.7124766600318253e-05
72.666248779297,20.407360076904304,8.31000397738535e-06
72.666248779297,20.5506410598755,2.2617003196501173e-05
72.666248779297,20.69392204284669,1.909786806209013e-05
72.666248779297,20.837203025817885,1.3185859643272124e-05
72.666248779297,20.98048400878908,2.582737579359673e-05
72.666248779297,21.123764991760275,2.003228109970223e-05
72.666248779297,21.26704597473147,1.195408640342066e-05
72.666248779297,21.410326957702665,1.5836340025998652e-05
72.666248779297,21.55360794067386,1.4261646356317215e-05
72.666248779297,21.69688892364505,1.1339846423652489e-05
72.666248779297,21.840169906616246,1.2415758646966424e-05
72.666248779297,21.98345088958744,3.9488018956035376e-05
72.666248779297,22.12673187255864,2.466393925715238e-05
72.666248779297,22.27001285552983,1.8306656784261577e-05
72.666248779297,22.413293838501023,2.0007231796626e-05
72.666248779297,22.55657482147222,2.4480272259097546e-05
72.666248779297,22.699855804443416,1.7181724615511484e-05
72.666248779297,22.84313678741461,1.5797899322933517e-05
72.666248779297,22.98641777038581,1.7155685782199726e-05
72.666248779297,23.129698753357,7.449656550306827e-05
72.666248779297,23.272979736328196,3.273016045568511e-05
72.666248779297,23.416260719299387,2.053111711575184e-05
72.666248779297,23.559541702270582,1.324113691225648e-05
72.666248779297,23.702822685241777,2.7161844627698883e-05
72.666248779297,23.84610366821297,
72.666248779297,23.989384651184167,2.9010614525759593e-05
72.666248779297,24.13266563415536,1.1147545592393726e-05
72.666248779297,24.27594661712656,9.40488916967297e-06
72.666248779297,24.41922760009775,6.135302828624845e-05
72.666248779297,24.562508583068944,5.248697198112495e-05
72.666248779297,24.70578956604014,2.3156546376412734e-05
72.80624877929701,20.120798110961918,3.606496647989843e-06
72.80624877929701,20.26407909393311,0.00011753154103644192
72.80624877929701,20.407360076904304,4.3543928768485785e-05
72.80624877929701,20.5506410598755,2.047657108050771e-05
72.80624877929701,20.69392204284669,1.9378661818336695e-05
72.80624877929701,20.837203025817885,2.6536183213465847e-05
72.80624877929701,20.98048400878908,6.80932316754479e-06
72.80624877929701,21.123764991760275,5.690154466719832e-06
72.80624877929701,21.26704597473147,1.5795281797181815e-05
72.80624877929701,21.410326957702665,2.047586349362973e-05
72.80624877929701,21.55360794067386,1.839163451222703e-05
72.80624877929701,21.69688892364505,2.2158161300467327e-05
72.80624877929701,21.840169906616246,1.0602282600302715e-05
72.80624877929701,21.98345088958744,1.689545388217084e-05
72.80624877929701,22.12673187255864,7.019906661298592e-06
72.80624877929701,22.27001285552983,3.550827386789024e-05
72.80624877929701,22.413293838501023,4.180088217253797e-05
72.80624877929701,22.55657482147222,6.294273589446675e-06
72.80624877929701,22.699855804443416,1.918721136462409e-05
72.80624877929701,22.84313678741461,1.7028747606673278e-05
72.80624877929701,22.98641777038581,4.957295095664449e-05
72.80624877929701,23.129698753357,2.8756599931512028e-05
72.80624877929701,23.272979736328196,2.8106438549002632e-05
72.80624877929701,23.416260719299387,1.661224087001756e-05
72.80624877929701,23.559541702270582,4.0046315916697495e-06
72.80624877929701,23.702822685241777,3.910717714461498e-05
72.80624877929701,23.84610366821297,7.076160727592651e-06
72.80624877929701,23.989384651184167,1.3369948646868579e-05
72.80624877929701,24.13266563415536,1.3004275388084352e-05
72.80624877929701,24.27594661712656,2.4910777938202955e-05
72.80624877929701,24.41922760009775,6.88900627210387e-06
72.80624877929701,24.562508583068944,1.1378196177247446e-05
72.80624877929701,24.70578956604014,5.012471319787437e-06
72.94624877929701,20.120798110961918,2.688573113118764e-05
72.94624877929701,20.26407909393311,3.2009058486437425e-05
72.94624877929701,20.407360076904304,2.316720929229632e-05
72.94624877929701,20.5506410598755,5.348403283278458e-05
72.94624877929701,20.69392204284669,2.493563442840241e-05
72.94624877929701,20.837203025817885,1.8579294192022644e-05
72.94624877929701,20.98048400878908,2.086934182443656e-05
72.94624877929701,21.123764991760275,2.2976260879659094e-05
72.94624877929701,21.26704597473147,1.5830710253794678e-05
72.94624877929701,21.410326957702665,7.952251507958863e-06
72.94624877929701,21.55360794067386,1.7346261302009225e-05
72.94624877929701,21.69688892364505,7.459981134161353e-06
72.94624877929701,21.840169906616246,1.8126420400221832e-05
72.94624877929701,21.98345088958744,8.421951861237176e-06
72.94624877929701,22.12673187255864,1.2714613149000797e-05
72.94624877929701,22.27001285552983,8.895363862393424e-06
72.94624877929701,22.413293838501023,6.888177267683204e-06
72.94624877929701,22.55657482147222,1.2605087249539793e-05
72.94624877929701,22.699855804443416,6.8479707806545775e-06
72.94624877929701,22.84313678741461,1.2609033547050785e-05
72.94624877929701,22.98641777038581,1.630842780286912e-05
72.94624877929701,23.129698753357,3.4123218938475475e-05
72.94624877929701,23.272979736328196,2.857670551748015e-05
72.94624877929701,23.416260719299387,0.000123014731798321
72.94624877929701,23.559541702270582,3.183144826834905e-06
72.94624877929701,23.702822685241777,2.8010088499286212e-05
72.94624877929701,23.84610366821297,1.3346687410376035e-05
72.94624877929701,23.989384651184167,1.2111853720853105e-05
72.94624877929701,24.13266563415536,3.112261038040742e-05
72.94624877929701,24.27594661712656,1.0438407116453163e-05
72.94624877929701,24.41922760009775,2.8077511160518043e-05
72.94624877929701,24.562508583068944,2.0275136193959042e-05
72.94624877929701,24.70578956604014,8.592230187787209e-06
73.08624877929701,20.120798110961918,4.1235867684008554e-05
73.08624877929701,20.26407909393311,1.6490741472807713e-05
73.08624877929701,20.407360076904304,5.353846063371748e-05
73.08624877929701,20.5506410598755,1.6792560927569866e-05
73.08624877929701,20.69392204284669,2.1258138076518662e-05
73.08624877929701,20.837203025817885,3.4909899113699794e-05
73.08624877929701,20.98048400878908,1.8470951545168646e-05
73.08624877929701,21.123764991760275,9.346575825475156e-05
73.08624877929701,21.26704597473147,8.676274774188641e-06
73.08624877929701,21.410326957702665,4.087374691152945e-05
73.08624877929701,21.55360794067386,2.7138761652167886e-05
73.08624877929701,21.69688892364505,2.5492787244729698e-05
73.08624877929701,21.840169906616246,1.709200114419218e-05
73.08624877929701,21.98345088958744,-4.875131708104163e-06
73.08624877929701,22.12673187255864,3.2301719329552725e-05
73.08624877929701,22.27001285552983,2.7392938136472367e-05
73.08624877929701,22.413293838501023,4.020678716187831e-06
73.08624877929701,22.55657482147222,7.43264217817341e-06
73.08624877929701,22.699855804443416,1.832270936574787e-05
73.08624877929701,22.84313678741461,1.964393595699221e-05
73.08624877929701,22.98641777038581,3.342901254654862e-05
73.08624877929701,23.129698753357,1.5594738215440884e-05
73.08624877929701,23.272979736328196,3.0266908197518205e-06
73.08624877929701,23.416260719299387,6.827285687904805e-05
73.08624877929701,23.559541702270582,8.295780389744323e-06
73.08624877929701,23.702822685241777,2.395913179498166e-05
73.08624877929701,23.84610366821297,1.2568721103889402e-05
73.08624877929701,23.989384651184167,8.73228782438673e-06
73.08624877929701,24.13266563415536,3.529536797941546e-06
73.08624877929701,24.27594661712656,3.202444713679142e-05
73.08624877929701,24.41922760009775,2.2799040380050428e-05
73.08624877929701,24.562508583068944,2.390211921010632e-05
73.08624877929701,24.70578956604014,1.4302755516837351e-05
73.22624877929701,20.120798110961918,2.4312714231200516e-05
73.22624877929701,20.26407909393311,1.557113318995107e-05
73.22624877929701,20.407360076904304,2.4760995074757375e-05
73.22624877929701,20.5506410598755,1.82546009455109e-05
73.22624877929701,20.69392204284669,3.075648783124052e-05
73.22624877929701,20.837203025817885,1.6390687960665673e-05
73.22624877929701,20.98048400878908,2.3298945961869322e-05
73.22624877929701,21.123764991760275,-8.26930863695452e-06
73.22624877929701,21.26704597473147,1.653652907407377e-05
73.22624877929701,21.410326957702665,1.395718936691992e-05
73.22624877929701,21.55360794067386,2.1908979761064984e-05
73.22624877929701,21.69688892364505,5.1471473852870986e-05
73.22624877929701,21.840169906616246,9.656212569097988e-06
73.22624877929701,21.98345088958744,3.053056207136251e-05
73.22624877929701,22.12673187255864,1.5570529285469092e-05
73.22624877929701,22.27001285552983,3.208977432223037e-06
73.22624877929701,22.413293838501023,6.419685178116197e-06
73.22624877929701,22.55657482147222,2.6660129151423462e-05
73.22624877929701,22.699855804443416,2.7365364076104015e-05
73.22624877929701,22.84313678741461,3.1292842322727665e-05
73.22624877929701,22.98641777038581,1.6743259720897186e-06
73.22624877929701,23.129698753357,6.110951289883815e-06
73.22624877929701,23.272979736328196,1.4132260730548296e-05
73.22624877929701,23.416260719299387,4.408552194945514e-05
73.22624877929701,23.559541702270582,2.029618735832628e-05
73.22624877929701,23.702822685241777,3.3854474168037996e-05
73.22624877929701,23.84610366821297,4.18208546761889e-05
73.22624877929701,23.989384651184167,4.294355312595144e-05
73.22624877929701,24.13266563415536,3.553669375833124e-05
73.22624877929701,24.27594661712656,9.888169188343454e-06
73.22624877929701,24.41922760009775,1.0147711691388395e-05
73.22624877929701,24.562508583068944,2.470907747920137e-05
73.22624877929701,24.70578956604014,6.1879427448729984e-06
73.36624877929701,20.120798110961918,7.052060936985072e-06
73.36624877929701,20.26407909393311,1.5914989489829168e-05
73.36624877929701,20.407360076904304,8.042634362936951e-06
73.36624877929701,20.5506410598755,2.1192810891079716e-05
73.36624877929701,20.69392204284669,8.377117410418577e-06
73.36624877929701,20.837203025817885,1.3973442946735304e-05
73.36624877929701,20.98048400878908,2.418057556496933e-05
73.36624877929701,21.123764991760275,3.445198672125116e-05
73.36624877929701,21.26704597473147,2.4502196538378485e-05
73.36624877929701,21.410326957702665,1.6435746147180907e-05
73.36624877929701,21.55360794067386,5.607220373349264e-05
73.36624877929701,21.69688892364505,1.644997246330604e-05
73.36624877929701,21.840169906616246,1.1694494787661824e-05
73.36624877929701,21.98345088958744,2.9700217055506073e-05
73.36624877929701,22.12673187255864,3.0180914109223522e-05
73.36624877929701,22.27001285552983,8.13363294582814e-06
73.36624877929701,22.413293838501023,1.76219291461166e-05
73.36624877929701,22.55657482147222,4.746432387037203e-05
73.36624877929701,22.699855804443416,2.85003461613087e-05
73.36624877929701,22.84313678741461,3.82559846912045e-05
73.36624877929701,22.98641777038581,1.7038164514815435e-05
73.36624877929701,23.129698753357,1.7366979591315612e-05
73.36624877929701,23.272979736328196,1.3270348063088022e-05
73.36624877929701,23.416260719299387,3.138200190733187e-05
73.36624877929701,23.559541702270582,3.2286181522067636e-05
73.36624877929701,23.702822685241777,9.699730981083121e-06
73.36624877929701,23.84610366821297,1.4639248547609895e-05
73.36624877929701,23.989384651184167,1.1419318070693407e-05
73.36624877929701,24.13266563415536,
73.36624877929701,24.27594661712656,2.0334142391220666e-05
73.36624877929701,24.41922760009775,9.533442607789766e-06
73.36624877929701,24.562508583068944,1.6097694242489524e-05
73.36624877929701,24.70578956604014,3.843148078885861e-05
73.50624877929701,20.120798110961918,1.5015089047665242e-05
73.50624877929701,20.26407909393311,8.548914593120571e-06
73.50624877929701,20.407360076904304,1.7847247363533825e-05
73.50624877929701,20.5506410598755,1.1437097782618366e-05
73.50624877929701,20.69392204284669,2.1271549485391006e-05
73.50624877929701,20.837203025817885,1.1050303328374866e-05
73.50624877929701,20.98048400878908,3.1861702154856175e-05
73.50624877929701,21.123764991760275,3.1433795811608434e-05
73.50624877929701,21.26704597473147,2.565974682511296e-05
73.50624877929701,21.410326957702665,3.3364434784743935e-05
73.50624877929701,21.55360794067386,2.024515015364159e-05
73.50624877929701,21.69688892364505,1.2482102647481952e-05
73.50624877929701,21.840169906616246,1.8005521269515157e-05
73.50624877929701,21.98345088958744,2.3419290300807916e-05
73.50624877929701,22.12673187255864,2.433319968986325e-05
73.50624877929701,22.27001285552983,1.3050213965470903e-05
73.50624877929701,22.413293838501023,1.902322946989443e-05
73.50624877929701,22.55657482147222,4.022703433292918e-05
73.50624877929701,22.699855804443416,3.4580949431983754e-05
73.50624877929701,22.84313678741461,7.3348173827980645e-06
73.50624877929701,22.98641777038581,2.0175251847831532e-05
73.50624877929701,23.129698753357,1.1061159057135228e-05
73.50624877929701,23.272979736328196,1.1369382264092565e-05
73.50624877929701,23.416260719299387,3.732057666638866e-05
73.50624877929701,23.559541702270582,3.362771531101316e-05
73.50624877929701,23.702822685241777,2.9368708055699244e-05
73.50624877929701,23.84610366821297,1.9084152881987393e-05
73.50624877929701,23.989384651184167,1.5949650332913734e-05
73.50624877929701,24.13266563415536,1.2288316611375194e-05
73.50624877929701,24.27594661712656,1.3924719496571925e-05
73.50624877929701,24.41922760009775,2.3406702894135378e-05
73.50624877929701,24.562508583068944,1.160856118076481e-05
73.50624877929701,24.70578956604014,8.710325346328318e-06
73.64624877929701,20.120798110961918,1.9103017621091567e-05
73.64624877929701,20.26407909393311,2.6902363970293663e-05
73.64624877929701,20.407360076904304,1.2263035387150012e-05
73.64624877929701,20.5506410598755,4.207572419545613e-05
73.64624877929701,20.69392204284669,1.5995132343959995e-05
73.64624877929701,20.837203025817885,2.1749245206592605e-05
73.64624877929701,20.98048400878908,3.3374893973814324e-05
73.64624877929701,21.123764991760275,3.691247184178792e-05
73.64624877929701,21.26704597473147,8.065762813203037e-05
73.64624877929701,21.410326957702665,1.603775490366388e-05
73.64624877929701,21.55360794067386,2.881869295379147e-05
73.64624877929701,21.69688892364505,1.2670734577113762e-05
73.64624877929701,21.840169906616246,1.996314495045226e-05
73.64624877929701,21.98345088958744,3.2362986530642956e-05
73.64624877929701,22.12673187255864,1.672482721915003e-05
73.64624877929701,22.27001285552983,1.7806332834879868e-05
73.64624877929701,22.413293838501023,1.4848564205749426e-05
73.64624877929701,22.55657482147222,1.548527870909311e-05
73.64624877929701,22.699855804443416,2.7855219741468318e-05
73.64624877929701,22.84313678741461,2.445968311803881e-05
73.64624877929701,22.98641777038581,1.698901724012103e-05
73.64624877929701,23.129698753357,3.9753074815962464e-05
73.64624877929701,23.272979736328196,1.270406210096553e-05
73.64624877929701,23.416260719299387,1.8607348465593532e-05
73.64624877929701,23.559541702270582,7.067512797220843e-06
73.64624877929701,23.702822685241777,1.5319192243623547e-05
73.64624877929701,23.84610366821297,2.3034977857605554e-05
73.64624877929701,23.989384651184167,1.5222847650875337e-05
73.64624877929701,24.13266563415536,2.653527735674288e-05
73.64624877929701,24.27594661712656,1.948199133039452e-05
73.64624877929701,24.41922760009775,1.959284236363601e-05
73.64624877929701,24.562508583068944,2.046631561825052e-05
73.64624877929701,24.70578956604014,6.9464053922274616e-06
73.78624877929701,20.120798110961918,1.0991110684699379e-05
73.78624877929701,20.26407909393311,2.8186290364828892e-05
73.78624877929701,20.407360076904304,2.532872895244509e-05
73.78624877929701,20.5506410598755,1.974288170458749e-05
73.78624877929701,20.69392204284669,1.4008723155711778e-05
73.78624877929701,20.837203025817885,-9.373483408126049e-06
73.78624877929701,20.98048400878908,4.664242806029506e-05
73.78624877929701,21.123764991760275,5.927085567236645e-06
73.78624877929701,21.26704597473147,6.601642235182226e-05
73.78624877929701,21.410326957702665,2.615000630612485e-05
73.78624877929701,21.55360794067386,1.2231479558977298e-05
73.78624877929701,21.69688892364505,2.8492822821135633e-05
73.78624877929701,21.840169906616246,3.776396988541819e-05
73.78624877929701,21.98345088958744,2.017339284066111e-05
73.78624877929701,22.12673187255864,4.794545020558871e-05
73.78624877929701,22.27001285552983,2.6785408408613876e-05
73.78624877929701,22.413293838501023,7.679272471250442e-07
73.78624877929701,22.55657482147222,2.149232204828877e-05
73.78624877929701,22.699855804443416,1.2378378414723556e-05
73.78624877929701,22.84313678741461,1.3340999430511147e-05
73.78624877929701,22.98641777038581,1.1277815247012768e-05
73.78624877929701,23.129698753357,3.741027830983512e-05
73.78624877929701,23.272979736328196,2.7756987037719227e-05
73.78624877929701,23.416260719299387,2.3468679501092993e-05
73.78624877929701,23.559541702270582,4.6712248149560764e-05
73.78624877929701,23.702822685241777,2.7831611077999696e-06
73.78624877929701,23.84610366821297,5.988998054817785e-06
73.78624877929701,23.989384651184167,1.905111457745079e-05
73.78624877929701,24.13266563415536,9.234829121851362e-06
73.78624877929701,24.27594661712656,2.393518116150517e-05
73.78624877929701,24.41922760009775,1.556948700454086e-05
73.78624877929701,24.562508583068944,2.5491908672847785e-05
73.78624877929701,24.70578956604014,1.932773375301622e-05
73.92624877929701,20.120798110961918,5.750682612415403e-05
73.92624877929701,20.26407909393311,9.474900252826046e-06
73.92624877929701,20.407360076904304,8.936571248341352e-06
73.92624877929701,20.5506410598755,7.531205028499244e-06
73.92624877929701,20.69392204284669,1.6408483816121588e-06
73.92624877929701,20.837203025817885,2.284055699419696e-05
73.92624877929701,20.98048400878908,1.932379018398933e-05
73.92624877929701,21.123764991760275,1.7604485037736595e-05
73.92624877929701,21.26704597473147,9.218970262736548e-06
73.92624877929701,21.410326957702665,1.9787525161518715e-05
73.92624877929701,21.55360794067386,9.166760719381273e-06
73.92624877929701,21.69688892364505,2.0234057956258766e-05
73.92624877929701,21.840169906616246,1.6499861885677092e-05
73.92624877929701,21.98345088958744,1.0343602298235055e-05
73.92624877929701,22.12673187255864,1.5395051377709024e-05
73.92624877929701,22.27001285552983,3.443387686274946e-05
73.92624877929701,22.413293838501023,1.158890336228069e-05
73.92624877929701,22.55657482147222,1.9309252820676193e-05
73.92624877929701,22.699855804443416,-1.1385556035747868e-06
73.92624877929701,22.84313678741461,1.7491422113380395e-05
73.92624877929701,22.98641777038581,-1.4450436083279783e-06
73.92624877929701,23.129698753357,1.6667432646499947e-05
73.92624877929701,23.272979736328196,3.651285805972293e-05
73.92624877929701,23.416260719299387,2.513466461095959e-05
73.92624877929701,23.559541702270582,9.894477443594951e-06
73.92624877929701,23.702822685241777,8.11454447102733e-06
73.92624877929701,23.84610366821297,7.349129646172514e-06
73.92624877929701,23.989384651184167,5.231971954344772e-05
73.92624877929701,24.13266563415536,3.1045114155858755e-05
73.92624877929701,24.27594661712656,3.11082876578439e-05
73.92624877929701,24.41922760009775,2.6878711651079357e-05
73.92624877929701,24.562508583068944,7.489486051781569e-06
73.92624877929701,24.70578956604014,1.6010548279155046e-05
74.06624877929701,20.120798110961918,1.5914853065623902e-05
74.06624877929701,20.26407909393311,5.2509258239297196e-05
74.06624877929701,20.407360076904304,2.767687510640826e-05
74.06624877929701,20.5506410598755,1.1819971405202523e-05
74.06624877929701,20.69392204284669,1.856022936408408e-05
74.06624877929701,20.837203025817885,2.383453283982817e-05
74.06624877929701,20.98048400878908,2.8859836675110273e-05
74.06624877929701,21.123764991760275,1.5146038094826508e-06
74.06624877929701,21.26704597473147,7.06354603607906e-06
74.06624877929701,21.410326957702665,1.932453778863419e-05
74.06624877929701,21.55360794067386,2.0950947146047838e-05
74.06624877929701,21.69688892364505,2.302862412761897e-05
74.06624877929701,21.840169906616246,1.3028660760028288e-05
74.06624877929701,21.98345088958744,9.276691343984567e-06
74.06624877929701,22.12673187255864,4.427993917488493e-05
74.06624877929701,22.27001285552983,8.392546988034155e-06
74.06624877929701,22.413293838501023,1.1288761015748605e-05
74.06624877929701,22.55657482147222,2.434106863802299e-05
74.06624877929701,22.699855804443416,1.6952941223280504e-05
74.06624877929701,22.84313678741461,2.6362893549958244e-05
74.06624877929701,22.98641777038581,7.715013452980202e-06
74.06624877929701,23.129698753357,7.454491878888803e-06
74.06624877929701,23.272979736328196,1.4137680409476161e-05
74.06624877929701,23.416260719299387,2.572488119767513e-05
74.06624877929701,23.559541702270582,1.99311543838121e-05
74.06624877929701,23.702822685241777,2.782414958346635e-05
74.06624877929701,23.84610366821297,2.4682476578163914e-05
74.06624877929701,23.989384651184167,1.4182098311721347e-05
74.06624877929701,24.13266563415536,1.7808117263484746e-05
74.06624877929701,24.27594661712656,2.0181643776595592e-05
74.06624877929701,24.41922760009775,2.9779541364405304e-05
74.06624877929701,24.562508583068944,8.395741133426782e-06
74.06624877929701,24.70578956604014,7.95099276729161e-06
74.20624877929701,20.120798110961918,1.4140543498797342e-05
74.20624877929701,20.26407909393311,1.9911216440959834e-05
74.20624877929701,20.407360076904304,2.7237925678491592e-05
74.20624877929701,20.5506410598755,1.9702041754499078e-05
74.20624877929701,20.69392204284669,1.6862109987414442e-05
74.20624877929701,20.837203025817885,2.1617641323246062e-05
74.20624877929701,20.98048400878908,1.2320300811552443e-05
74.20624877929701,21.123764991760275,1.573681402078364e-05
74.20624877929701,21.26704597473147,2.264928843942471e-05
74.20624877929701,21.410326957702665,1.4877964531478938e-05
74.20624877929701,21.55360794067386,1.7017142454278655e-05
74.20624877929701,21.69688892364505,1.6728901755413972e-05
74.20624877929701,21.840169906616246,2.5200504751410335e-05
74.20624877929701,21.98345088958744,4.1519266233081e-05
74.20624877929701,22.12673187255864,1.8878907212638296e-05
74.20624877929701,22.27001285552983,2.055765435216017e-05
74.20624877929701,22.413293838501023,6.850646059319843e-06
74.20624877929701,22.55657482147222,2.332443546038121e-05
74.20624877929701,22.699855804443416,2.3757049348205328e-05
74.20624877929701,22.84313678741461,3.7098834582138807e-05
74.20624877929701,22.98641777038581,1.5220811292238068e-05
74.20624877929701,23.129698753357,2.174199471483007e-05
74.20624877929701,23.272979736328196,9.835602213570382e-06
74.20624877929701,23.416260719299387,1.4478949879048741e-06
74.20624877929701,23.559541702270582,2.8106614990974776e-05
74.20624877929701,23.702822685241777,1.0396142897661775e-05
74.20624877929701,23.84610366821297,3.203746018698439e-06
74.20624877929701,23.989384651184167,2.6558673198451288e-05
74.20624877929701,24.13266563415536,1.7429387298761867e-05
74.20624877929701,24.27594661712656,1.4201632438926026e-05
74.20624877929701,24.41922760009775,2.92739368887851e-05
74.20624877929701,24.562508583068944,1.0047499927168246e-05
74.20624877929701,24.70578956604014,0.00011117278336314484
74.34624877929701,20.120798110961918,1.6307205441989936e-05
74.34624877929701,20.26407909393311,2.2389374862541445e-05
74.34624877929701,20.407360076904304,1.4235392882255837e-05
74.34624877929701,20.5506410598755,1.1691889085341245e-05
74.34624877929701,20.69392204284669,1.635660373722203e-05
74.34624877929701,20.837203025817885,9.001040780276526e-06
74.34624877929701,20.98048400878908,6.6903457991429605e-06
74.34624877929701,21.123764991760275,3.186357207596302e-05
74.34624877929701,21.26704597473147,1.7950482288142666e-05
74.34624877929701,21.410326957702665,1.1591748261707835e-05
74.34624877929701,21.55360794067386,2.3516071451012976e-05
74.34624877929701,21.69688892364505,1.8547694708104245e-05
74.34624877929701,21.840169906616246,1.1834591532533523e-05
74.34624877929701,21.98345088958744,1.3159349691704847e-05
74.34624877929701,22.12673187255864,2.815616062434856e-05
74.34624877929701,22.27001285552983,1.3099514944769908e-05
74.34624877929701,22.413293838501023,2.1872958313906565e-05
74.34624877929701,22.55657482147222,1.024843459163094e-05
74.34624877929701,22.699855804443416,2.6942776457872242e-05
74.34624877929701,22.84313678741461,1.1513980098243337e-05
74.34624877929701,22.98641777038581,2.253571801702492e-05
74.34624877929701,23.129698753357,1.6350264559150673e-05
74.34624877929701,23.272979736328196,1.921562579809688e-05
74.34624877929701,23.416260719299387,4.73504769615829e-05
74.34624877929701,23.559541702270582,3.477040081634186e-06
74.34624877929701,23.702822685241777,1.238533150171861e-05
74.34624877929701,23.84610366821297,2.6352132408646867e-05
74.34624877929701,23.989384651184167,1.6637288354104385e-05
74.34624877929701,24.13266563415536,2.5491908672847785e-05
74.34624877929701,24.27594661712656,5.585013241216075e-06
74.34624877929701,24.41922760009775,1.0564455806161277e-05
74.34624877929701,24.562508583068944,7.508714134019101e-06
74.34624877929701,24.70578956604014,4.015983449789928e-06
